2.243259
0.256756
0.034396
0.038081
0.043574
0.051054
0.048533
0.051227
0.055325
0.060555
0.127822
0.045482
0.033818
0.029068
0.030592
0.239410
0.109476
0.043500
0.035414
0.045381
0.291358
0.036329
0.124683
0.209420
0.269675
0.634699
0.075508
0.296448
0.087534
0.146412
0.559298
0.101588
0.048845
0.033674
0.060597
0.640566
0.405101
0.101150
0.089890
0.068392
0.668747
0.085157
0.068334
0.081504
0.239238
0.316117
0.044551
0.040130
0.044604
0.099587
0.343866
0.052149
0.126544
0.046024
0.297253
0.591718
0.208473
0.185995
0.102042
0.066067
0.655436
0.083418
0.241484
0.229804
0.073539
0.366429
0.183995
0.171134
0.089823
0.084582
0.986951
0.118795
0.281666
0.040612
0.168901
0.736546
0.061012
0.281736
0.221037
0.135360
0.336557
0.347532
0.758712
0.478370
0.850774
0.533272
0.100703
0.068901
0.032648
0.049375
0.632479
0.037371
0.053836
0.028879
0.061640
0.375412
0.037397
0.048821
0.044186
0.037174
0.385416
0.110547
0.090685
0.302506
0.229305
0.354232
0.143319
0.123019
0.510792
0.246326
1.008998
0.045175
0.042728
0.060644
0.041079
0.319530
0.090958
0.063778
0.055878
0.058155
0.522215
0.045492
0.082742
0.028535
0.045959
0.316459
0.039530
0.039625
0.072842
0.062091
0.376935
0.084594
0.066413
0.035127
0.095476
0.781758
0.042088
0.038581
0.444281
0.631223
0.491760
0.031629
0.103993
0.032379
0.047069
0.420203
0.086290
0.060647
0.075996
0.069660
0.727538
0.126180
0.068268
0.070089
0.129262
0.578373
0.208048
0.122303
0.116399
0.079674
0.683395
0.102469
0.099824
0.323454
0.215073
0.473596
0.262498
0.349357
0.081213
0.032238
0.307691
0.376134
0.103208
0.064094
0.040350
0.312935
0.041447
0.041714
0.048850
0.043679
0.599166
0.208547
0.042427
0.084177
0.130062
0.673567
0.097846
0.177426
0.499482
0.118940
0.344595
0.242131
0.397025
0.145890
0.165313
0.578797
0.081137
0.227150
0.088715
0.087364
0.422890
