1.197341
0.058246
0.327460
0.084770
0.148335
0.931143
0.589640
0.504121
0.382623
0.503495
0.479986
0.495540
0.317671
0.556992
0.463771
0.409984
0.634442
0.151165
0.577352
0.522019
0.524258
0.104488
0.088303
0.091221
0.089898
0.560730
0.191988
0.324888
0.465056
0.593138
0.685111
0.120252
0.433565
0.515369
0.443736
0.691536
0.319004
0.540244
0.121212
0.358116
1.049436
0.476208
0.417993
0.719428
0.139259
0.756768
0.214967
0.081413
0.564205
0.433936
0.937617
0.489516
0.422408
0.068170
0.101496
0.730815
0.551104
0.325875
0.380755
0.096492
0.713225
0.119948
0.065722
0.124462
0.349664
0.765753
0.066073
0.073880
0.056644
0.065026
1.007630
0.506467
0.724876
0.431527
0.065517
1.092563
0.441587
0.132079
0.447619
0.386410
0.979028
0.496193
0.525158
0.250460
0.553527
1.093803
0.146158
0.076450
0.622079
0.207458
0.780001
0.091596
0.663236
0.407504
0.555799
0.693399
0.540966
0.098758
0.370194
0.320842
0.771931
0.663975
0.093310
0.053207
0.974464
0.898163
0.491137
0.483260
0.160051
0.061073
0.753191
0.076890
0.868165
0.056855
0.663695
1.058465
0.795316
0.141872
0.064158
0.080341
0.726535
0.398568
0.523295
0.542481
0.116798
0.801186
0.111783
0.698474
0.310771
0.468279
0.688483
0.117193
0.066248
0.283210
0.540252
0.832715
0.094500
0.113214
0.115524
0.070132
0.769702
0.090297
0.279903
0.066021
0.086517
0.892852
0.087418
0.420519
0.517377
0.305123
1.151277
0.353011
0.098761
0.057954
0.081268
0.669029
0.076242
0.106808
0.126241
0.072271
0.771838
0.112268
0.052205
0.146235
0.077358
0.659592
0.076105
0.084218
0.057592
0.090852
0.734149
0.098261
0.065236
0.095820
0.073764
0.727559
0.280029
0.137198
0.124341
0.055758
0.784334
0.057907
0.201277
0.060836
0.107687
0.713962
0.077053
0.079869
0.067563
0.064860
0.660249
0.061938
0.090412
0.106381
0.099830
0.684178
0.071423
0.264114
0.142445
0.561522
1.203966
0.818485
0.433976
0.129355
0.540218
0.952537
0.147211
0.067918
0.053213
0.079272
0.813902
0.152375
0.117536
0.293015
0.066385
0.791188
0.542231
0.443350
0.092271
0.152492
0.705967
0.056710
0.058285
0.506282
0.403598
0.706063
0.071073
0.074431
0.064857
0.283763
0.707287
0.099028
0.431695
0.366129
0.706285
0.625433
0.753813
0.395076
0.741421
0.400420
1.219163
0.469962
0.523777
0.068890
0.141148
1.057114
0.096313
0.833723
0.070656
0.083994
1.021307
0.180405
0.057406
0.056813
0.312625
0.990395
0.063841
0.533494
0.072033
0.150879
1.048284
0.915047
0.107643
0.289542
0.532271
0.791446
0.384558
0.126036
0.089567
0.102905
0.745280
0.058285
0.053661
0.288776
0.407690
1.033582
0.423919
0.096262
0.593479
0.059010
0.756561
0.074315
0.397904
0.393063
0.220441
0.621438
0.815193
0.774802
0.394718
0.061758
0.688552
0.062919
0.708089
0.393652
0.341897
0.732951
0.055255
0.574617
0.108059
0.055897
0.669256
