0.155742
0.073827
0.046376
0.045059
0.046235
0.060864
0.030665
0.042848
0.152697
0.033276
0.063089
0.123603
0.033309
0.145833
0.048421
0.069214
0.075595
0.063171
0.072537
0.094875
0.398278
0.060248
0.064356
0.066214
0.033468
0.452203
0.049696
0.046045
0.053503
0.030674
0.528089
0.258019
0.326808
0.223202
0.320908
0.448932
0.745075
0.174952
0.078469
0.057544
0.404038
0.343657
0.086119
0.128063
0.106457
0.543793
0.071072
0.100483
0.071326
0.120259
0.309612
0.048551
0.035117
0.040457
0.237840
0.325676
0.073315
0.163766
0.085368
0.109929
0.342506
0.452596
0.173770
0.195562
0.107924
0.592799
0.049446
0.059455
0.030918
0.053270
0.692188
0.191587
0.318753
0.594323
0.103919
0.591706
0.090442
0.029994
0.036606
0.053542
0.309880
0.029528
0.040795
0.051799
0.055723
0.322144
0.104932
0.776904
0.342133
0.315288
0.390826
0.353984
0.311388
0.062262
0.063480
0.680549
0.197078
0.253239
0.229560
0.119777
0.315569
0.050614
0.035478
0.050534
0.040443
0.311283
0.058312
0.042691
0.033767
0.037731
0.314642
0.030487
0.029052
0.032528
0.034229
0.727486
0.115517
0.187224
0.334428
0.451900
0.450901
0.056215
0.043751
0.096145
0.081295
0.457922
0.159216
0.285804
0.053403
0.076994
0.465986
0.060521
0.038884
0.071792
0.034078
0.333213
0.082328
0.029058
0.029066
0.029073
0.318775
0.038111
0.031713
0.063063
0.029581
0.378575
0.135864
0.118392
0.096893
0.087614
0.621313
0.143731
0.103377
0.070090
0.069272
0.627790
0.080428
0.098633
0.262188
0.344229
0.414397
0.031225
0.040940
0.049567
0.029599
0.412119
0.099362
0.031775
0.035216
0.067586
0.345600
0.048945
0.028832
0.051408
0.031266
0.332300
0.181864
0.078466
0.571159
0.518059
0.850219
0.342245
0.047942
0.039567
0.052094
0.422005
0.239855
0.176582
0.170169
0.100063
0.389986
0.147926
0.052923
0.104960
0.033257
0.333127
0.155718
0.137481
0.032635
0.033432
0.491895
0.070561
0.092979
0.138949
0.329936
0.331733
0.070608
0.033085
0.106023
0.093084
0.681605
0.052418
0.650191
0.293380
0.476608
0.682010
0.039471
0.096194
0.038293
0.214361
0.299748
0.037395
0.033029
0.037372
0.065050
0.356607
0.102615
0.038613
0.042472
0.048418
0.394302
0.037516
0.029885
0.059328
0.032782
0.373622
0.079427
0.141951
0.062997
0.152487
0.407294
0.095277
0.052741
0.120424
0.119053
0.322177
0.081141
0.059068
0.051594
0.039962
0.338969
