0.445138
0.057631
0.075936
0.179379
0.397997
0.396810
0.054586
0.313578
0.057273
0.366406
0.339833
0.078939
0.047312
0.165346
0.136067
0.375212
0.076563
0.055679
0.071517
0.169435
0.474621
0.092243
0.082006
0.060252
0.318561
0.528575
0.066597
0.230743
0.296251
0.074237
0.681391
0.384128
0.055906
0.060599
0.060152
0.704134
0.056224
0.091755
0.056963
0.254234
0.741262
0.084389
0.091413
0.074117
0.268766
0.869894
0.336845
0.074056
0.063222
0.067874
0.612131
0.145671
0.248667
0.054739
0.329833
0.757974
0.057364
0.071035
0.354950
0.099241
0.709682
0.276515
0.340751
0.281320
0.049496
0.765379
0.088377
0.265735
0.051922
0.063572
0.509636
0.337102
0.294774
0.305215
0.057652
0.703786
0.406068
0.107150
0.091072
0.094432
0.697459
0.048378
0.062029
0.219113
0.059537
0.695735
0.361684
0.056454
0.325275
0.387390
0.815725
0.056921
0.077486
0.387834
0.357291
0.907060
0.333102
0.364339
0.072191
0.311491
0.792795
0.054602
0.077015
0.061336
0.214846
0.963033
0.081821
0.170783
0.358267
0.290852
0.703488
0.410580
0.686874
0.051285
0.059569
0.665008
0.337509
0.052287
0.078845
0.074672
0.977687
0.342088
0.045251
0.058426
0.234439
0.711629
0.067430
0.048993
0.074009
0.067511
0.712424
0.093030
0.057847
0.056501
0.279330
0.709974
0.080559
0.061827
0.415975
0.277925
0.620498
0.297959
0.071818
0.074620
0.062040
0.702879
0.184079
0.269922
0.376669
0.568346
0.729086
0.238564
0.177955
0.061259
0.074016
0.673087
0.382775
0.055544
0.054391
0.352145
0.697464
0.223135
0.352595
0.058111
0.062278
0.719144
0.061901
0.051005
0.127873
0.225433
0.736657
0.099185
0.063977
0.126407
0.332211
0.655808
0.178363
0.309482
0.066323
0.095330
0.708857
0.053973
0.104168
0.064178
0.354031
0.812656
0.070645
0.063500
0.079435
0.131983
0.736426
0.187784
0.461165
0.341620
0.052171
0.694157
0.073178
0.050548
0.072481
0.341738
0.700455
0.104340
0.347585
0.299724
0.275774
0.702593
0.301305
0.324437
0.145860
0.335839
0.618464
0.276098
0.160268
0.366337
0.133665
0.696600
0.355858
0.212729
0.385172
0.063412
0.707564
0.069722
0.361700
0.059623
0.070579
0.737144
0.199764
0.191451
0.058227
0.079334
0.686520
0.321545
0.060142
0.106720
0.067399
0.771573
0.316699
0.053215
0.077884
0.055026
0.880783
