0.293668
0.054297
0.065845
0.052898
0.119298
0.108417
0.092971
0.049893
0.348900
0.378866
0.082213
0.654854
0.271589
0.060525
0.089176
0.383177
0.233464
0.057612
0.098833
0.056967
0.489748
0.204302
0.060105
0.063220
0.063222
0.564290
0.465970
0.330944
0.068858
0.049517
0.817084
0.054176
0.067573
0.063146
0.060309
0.715450
0.078044
0.102727
0.489383
0.352368
0.712311
0.395421
0.540872
0.336835
0.455293
0.916765
0.277338
0.116108
0.664117
0.981313
0.727931
0.160727
0.337532
0.406287
0.707279
0.803432
0.603363
0.136058
0.372866
0.255883
0.749893
0.167172
0.053251
0.160008
0.237255
0.671863
0.180000
0.100659
0.058128
0.055773
0.861809
0.198686
0.294081
0.055489
0.042236
0.603281
0.081010
0.090221
0.164626
0.250602
0.727859
0.390883
0.301013
0.074011
0.129769
0.747171
0.292014
0.057511
0.058035
0.326349
1.016223
0.285547
0.089209
0.113460
0.094525
0.765913
0.066681
0.073177
0.287058
0.214145
0.773750
0.062798
0.269104
0.327338
0.340406
0.802003
0.061949
0.179549
0.066914
0.076542
0.776947
0.069870
0.066067
0.073718
0.398293
0.805454
0.204571
0.051697
0.061905
0.295878
0.932218
0.053663
0.419621
0.536622
0.065855
0.927021
0.230513
0.435895
0.381585
0.346409
1.228884
0.154388
0.352453
0.113437
0.447838
1.373733
0.501571
0.084625
0.081834
0.061908
0.943321
0.074515
0.054838
0.375133
0.250921
0.901680
0.088350
0.130869
0.104258
0.404294
0.936158
0.092090
0.409171
0.260670
0.111244
1.156229
0.498113
0.075556
0.600143
0.101743
0.956110
0.389583
0.881824
0.532854
0.124184
1.119721
0.368894
0.339365
0.470793
0.332035
1.213407
0.214604
0.220672
0.879953
0.665817
0.954257
0.104116
0.112280
0.292017
0.435036
1.213798
0.114283
0.543230
0.435446
0.497665
1.292184
0.403636
0.497149
0.329812
0.559606
0.977093
0.357924
0.317359
0.569207
0.349524
1.460139
1.137207
1.201567
0.891633
0.466225
1.349189
1.067347
1.172432
1.040472
0.448856
1.112141
1.056449
0.194559
0.619086
1.107543
1.237096
0.644687
0.545250
0.068005
0.684497
1.534575
1.086612
0.125619
0.892448
0.212566
1.093056
0.066238
0.120802
0.590279
0.472797
1.067829
0.541804
0.455579
0.295507
0.907823
1.333544
0.499740
0.166019
0.787799
0.561724
1.426253
0.567515
0.711012
0.707936
0.861897
1.395393
0.700400
0.351459
0.567824
0.780495
1.397384
0.090995
0.708865
0.810796
0.140584
1.244267
0.735465
0.714736
0.095544
0.090310
1.045498
0.574112
0.880396
0.920640
0.424975
1.027037
0.063188
0.078513
0.069000
0.655877
1.217707
0.777869
1.043399
0.845305
0.634413
1.185897
0.073919
0.383888
0.094458
0.061393
1.248395
0.094925
0.105021
0.426594
0.604289
1.382102
0.138278
0.726734
0.136333
1.013680
1.138691
0.324325
0.366247
1.155143
0.906308
1.295002
0.950665
1.033695
0.783555
0.690123
1.032273
0.661192
0.593471
0.445387
1.176957
0.991547
