0.195783
0.255206
0.170137
0.437498
0.092090
0.427034
0.536030
0.097075
0.096113
0.348308
0.089386
0.053724
0.081429
0.328500
0.438083
0.496517
0.346524
0.811969
0.463826
0.383236
0.543176
0.286839
0.366719
0.229659
0.149117
0.558683
0.172334
0.197188
0.514978
0.196617
0.684439
0.314548
0.348992
0.094214
0.540819
1.061007
0.159064
0.090814
0.643126
0.244907
1.013737
0.139163
0.117286
0.081918
0.495533
0.955065
0.187180
0.126682
0.814200
0.343821
1.020713
0.402031
0.572850
0.302268
0.142828
0.725472
0.809907
0.437160
0.477002
0.272891
0.882693
0.508526
0.918964
0.340064
0.566653
0.644889
0.074242
0.060781
0.288220
0.345989
1.117877
0.493046
0.266303
0.107632
0.367666
0.703583
0.071329
0.090930
0.053301
0.105493
0.987318
0.319575
0.510577
0.539247
0.089593
0.815863
0.112955
0.121990
0.091024
0.141295
0.724863
0.056105
0.114755
0.400522
0.375505
0.860300
0.122705
0.253753
0.080656
0.487414
0.793647
0.172328
0.399562
0.609433
0.305032
0.804199
0.074452
0.075824
0.099389
0.068015
0.739965
0.066295
0.612371
0.068535
0.306811
0.745943
0.145817
0.062678
0.582061
0.374253
0.786214
0.519578
0.411623
0.464293
0.092886
0.789222
0.465584
0.445296
0.094914
0.486099
0.728961
0.077885
0.070300
0.148475
0.254374
0.778869
0.071584
0.076109
0.174062
0.112324
0.978280
1.186044
0.061811
0.068926
0.164013
0.771811
0.503378
0.093527
0.546667
0.135787
0.753260
0.409068
0.504491
0.572174
0.399377
0.794869
0.057195
0.478697
0.077699
0.120313
0.953313
0.066351
0.534744
0.566117
0.745593
1.086505
0.291861
0.089496
0.092113
0.131940
1.096918
0.543975
0.064845
1.164603
0.203960
0.815959
0.077344
0.095783
0.377196
1.048174
0.779176
0.467911
0.174776
0.065923
0.187616
0.747110
0.401583
0.207056
0.471829
0.566015
0.985328
0.612849
0.986490
0.468359
0.077703
1.066454
0.636036
1.470038
0.524804
0.896504
1.399994
1.127290
0.537802
0.660352
0.072756
0.705068
0.102373
0.064965
0.246605
0.072155
0.701610
0.142284
0.059896
0.384855
0.350981
0.686045
0.130387
0.085060
0.068509
0.213793
0.786291
0.061505
0.080427
0.374912
0.140954
0.734236
0.088255
0.239353
0.081804
0.287380
0.705421
0.077503
0.072526
0.273876
0.386780
0.716751
0.080840
0.521813
0.056715
0.201270
1.026265
0.315069
0.221436
0.063499
0.568695
0.743734
0.320372
0.183346
0.092008
0.061789
0.708082
