0.484947
0.916895
0.073997
0.586257
0.859411
0.656699
0.258136
0.586100
1.079562
0.520943
0.172724
0.353084
1.090494
0.405452
0.930567
0.601799
0.829859
0.304953
0.070765
0.098705
0.977465
1.013925
0.633164
0.713377
0.929081
0.800444
0.103838
0.166140
0.717582
0.106407
1.292266
0.427133
0.251420
0.813213
1.005297
1.091931
0.590343
0.477478
1.050354
0.929105
1.213473
0.454460
0.867105
0.087509
0.108431
1.466273
0.610408
0.934201
0.900307
0.665698
1.125177
0.635267
0.517679
0.789142
1.264410
1.112578
0.638918
0.632025
0.122295
0.079890
0.939326
0.572877
0.891702
0.572611
0.090777
0.902478
0.389077
0.451969
0.622838
0.409101
1.385872
0.901837
0.105333
0.473163
0.442684
1.062504
0.062267
0.078738
0.556752
0.961391
0.966791
0.676507
0.416291
0.532151
0.483620
0.882026
0.119549
0.572580
0.168525
0.456283
1.083879
0.224492
0.111930
1.063884
0.581924
1.473184
0.123809
0.493096
0.080644
0.382959
1.432366
0.604387
0.749727
0.643833
1.181104
0.972520
1.051937
0.345944
0.143930
0.463973
1.514527
0.729643
0.116173
0.083693
0.512213
1.198646
0.772358
0.143463
0.758049
0.731697
1.226208
0.534327
0.455801
0.942143
0.908766
1.116524
0.620115
0.963061
1.000932
0.945499
1.072276
0.716199
0.686983
0.392872
1.042094
1.323579
0.093497
0.195173
0.555641
0.474353
1.191854
0.738157
0.086467
0.574388
0.393021
1.488684
0.093710
0.787140
0.671161
0.801147
1.343252
0.396614
0.879641
0.190806
0.541095
1.476637
0.090238
0.769171
0.750841
0.843239
0.915028
0.093496
0.130058
0.851950
0.477634
0.978005
0.468140
0.156075
0.461935
0.908077
1.059967
0.770572
0.615274
0.733407
0.334316
1.452310
1.404306
1.177379
0.821194
0.604045
1.362095
0.518749
0.493015
0.849760
0.816168
1.067566
0.601810
0.518526
0.814050
0.557999
1.276366
0.711903
0.186711
0.607923
1.312373
1.448681
0.544699
0.938128
1.169402
0.609092
1.313066
