0.075351
0.023826
0.025704
0.029199
0.024882
0.031869
0.036412
0.024920
0.025082
0.024071
0.035825
0.025288
0.024938
0.025542
0.025582
0.043191
0.026192
0.026874
0.025275
0.024971
0.197898
0.027370
0.025194
0.024623
0.024014
0.237151
0.033350
0.025468
0.025065
0.024208
0.280104
0.024295
0.032106
0.025473
0.024824
0.298948
0.025770
0.026470
0.026369
0.035942
0.300878
0.025242
0.025211
0.025439
0.027368
0.297896
0.027129
0.025079
0.025057
0.026299
0.298397
0.026676
0.024517
0.025803
0.025905
0.299114
0.029295
0.026030
0.024659
0.024542
0.297771
0.024556
0.036777
0.025582
0.025949
0.298953
0.027740
0.025067
0.025376
0.024385
0.297781
0.024187
0.025954
0.025893
0.029646
0.299028
0.026887
0.047911
0.024522
0.025447
0.297120
0.025796
0.025367
0.031898
0.025681
0.299284
0.028535
0.025093
0.031872
0.026053
0.297337
0.032700
0.025704
0.035929
0.029441
0.309023
0.031105
0.029375
0.024839
0.030656
0.298706
0.025595
0.029327
0.048085
0.026123
0.297727
0.058165
0.026255
0.035085
0.024732
0.305537
0.025429
0.035778
0.040973
0.029817
0.299076
0.026210
0.040194
0.031460
0.027700
0.302815
0.028774
0.025022
0.025052
0.026635
0.299169
0.028799
0.027354
0.026655
0.025952
0.297565
0.034275
0.026420
0.045308
0.026250
0.296333
0.030587
