1.675998
0.032994
0.034345
0.034431
0.034469
0.042263
0.033019
0.038729
0.043604
0.033979
0.070448
0.033664
0.034492
0.039014
0.034713
0.074572
0.038750
0.036106
0.047473
0.034434
0.212666
0.031296
0.032631
0.036594
0.029973
0.257743
0.034606
0.032468
0.032598
0.035984
0.287041
0.033569
0.031436
0.032281
0.032228
0.317705
0.035603
0.033552
0.033985
0.037231
0.300773
0.034173
0.037955
0.034492
0.033017
0.302793
0.037824
0.036171
0.033864
0.032463
0.301630
0.031610
0.034327
0.032091
0.033069
0.300641
0.037201
0.037777
0.061877
0.035253
0.302515
0.038201
0.037174
0.033734
0.037334
0.315621
0.054167
0.036032
0.034519
0.032550
0.302575
0.030780
0.033041
0.036740
0.030350
0.299721
0.031623
0.032431
0.032433
0.032545
0.301360
0.035014
0.046478
0.048807
0.036657
0.299511
0.033007
0.035728
0.034005
0.033446
0.302225
0.038320
0.033588
0.036777
0.037478
0.302591
0.033483
0.038183
0.059779
0.037774
0.302339
0.035723
0.032098
0.032807
0.032099
0.308478
0.041247
0.034539
0.037342
0.032029
0.302715
0.029994
0.033800
0.033150
0.031422
0.300445
0.030765
0.033692
0.033180
0.059207
0.305944
0.035745
0.031816
0.048224
0.047342
0.301266
0.032084
0.034940
0.037847
0.033327
0.301511
0.034990
0.032418
0.043785
0.034406
0.301453
0.037009
0.048781
0.033547
0.032318
0.301926
0.033861
0.033500
0.056880
0.033315
0.301503
0.032027
0.032885
0.037657
0.032918
0.319170
0.062819
0.031599
0.037487
0.033531
0.300316
0.036837
0.032548
0.035926
0.032725
0.298331
0.030391
0.031363
0.036726
0.038430
0.299960
0.031527
0.033320
0.031044
0.031556
0.319330
0.036215
0.033634
0.031397
0.031994
0.299121
0.032094
0.032560
0.032319
0.032721
0.300553
0.032858
0.032678
0.034777
0.031876
0.300169
0.033720
0.037216
0.033853
0.041698
0.301162
0.039055
0.031367
0.032336
0.032797
0.300582
0.034156
0.031647
0.036717
0.039010
0.301968
0.033952
