0.081403
0.030742
0.028194
0.027781
0.027055
0.034190
0.027927
0.024681
0.024641
0.025443
0.039263
0.025675
0.025181
0.029202
0.025350
0.044174
0.026644
0.030504
0.025998
0.027951
0.198907
0.025611
0.031583
0.025290
0.031258
0.260972
0.025478
0.025206
0.025509
0.053053
0.279557
0.073300
0.024743
0.025937
0.027495
0.298336
0.029293
0.035050
0.029900
0.029282
0.299252
0.024984
0.025682
0.027041
0.026675
0.299747
0.025458
0.040979
0.025943
0.025378
0.351287
0.027791
0.025405
0.025993
0.025843
0.299726
0.025565
0.025188
0.030266
0.028890
0.298459
0.028282
0.024275
0.024245
0.026510
0.301438
0.053665
0.047051
0.025349
0.035111
0.299829
0.027655
0.024904
0.025929
0.030591
0.298194
0.025165
0.028292
0.026935
0.026850
0.314279
0.026192
0.025366
0.025166
0.026037
0.297382
0.025641
0.024513
0.024305
0.025092
0.298973
0.030306
