0.094841
0.036758
0.031220
0.031018
0.031577
0.038543
0.033655
0.033549
0.032475
0.033515
0.040930
0.034936
0.034003
0.034117
0.034801
0.046710
0.031401
0.033442
0.033244
0.033690
0.201724
0.031397
0.032273
0.032562
0.076043
0.246428
0.068298
0.033119
0.031255
0.036093
0.422149
0.037273
0.049086
0.034428
0.044497
0.438926
0.033144
0.032307
0.030371
0.029520
0.328781
0.030155
0.029170
0.029524
0.040213
0.335648
0.030263
0.030211
0.030257
0.034060
0.316636
0.030283
0.030535
0.030041
0.037162
0.341091
0.029829
0.032263
0.027997
0.037327
0.317306
0.028999
0.035885
0.034048
0.033857
0.330643
0.034278
0.042104
0.044947
0.032301
0.362432
0.033671
0.043134
0.664331
0.056218
0.347937
0.034045
0.032803
0.035558
0.039077
0.369001
0.033898
0.032079
0.084183
0.049475
0.665871
0.054880
0.056112
0.054369
0.030966
0.301447
0.034176
0.035140
0.055862
0.042681
0.301104
0.071213
0.031963
0.031460
0.033061
0.432474
0.035112
