0.099231
0.056590
0.034849
0.031642
0.034436
0.037746
0.034568
0.030701
0.041693
0.032606
0.038378
0.035457
0.029575
0.035535
0.049015
0.045773
0.030682
0.030142
0.031220
0.040799
0.247393
0.029727
0.034374
0.033488
0.036055
0.291333
0.033354
0.033015
0.032413
0.029631
0.333918
0.030651
0.029968
0.058536
0.033619
0.339011
0.034011
0.035204
0.033135
0.033185
0.319942
0.055898
0.030733
0.032771
0.031183
0.383768
0.044084
0.049262
0.042792
0.032458
0.358837
0.031484
0.032051
0.030219
0.032491
0.298718
0.030501
0.031912
0.062023
0.029736
0.312356
0.031156
0.030165
0.029884
0.031852
0.299985
0.029351
0.030041
0.035292
0.042081
