0.103720
0.030576
0.031141
0.033137
0.039299
0.039176
0.030996
0.030518
0.030031
0.028949
0.042928
0.031131
0.029189
0.042542
0.029549
0.046009
0.041408
0.030666
0.037197
0.031781
0.203665
0.033119
0.034394
0.032218
0.136881
0.242206
0.030183
0.030806
0.030898
0.028912
0.281932
0.029296
0.030671
0.030435
0.073281
0.307065
0.032668
0.029689
0.032341
0.035050
0.315050
0.030564
0.029370
0.030627
0.030095
0.301106
0.029782
0.029819
0.028719
0.029462
0.299842
0.030419
0.028664
0.028260
0.026959
0.301609
0.027673
0.030148
0.031116
0.028384
0.298948
0.029545
0.028498
0.027657
0.030092
0.311343
0.028593
0.029429
0.028495
0.034049
0.300615
0.029723
0.028980
0.030804
0.029134
0.309325
0.029594
0.049153
0.030859
0.031187
0.300473
0.030705
0.047598
0.039370
0.029224
0.300125
0.031545
0.031188
0.029952
0.047534
0.300878
0.030328
0.029757
0.032835
0.030374
0.299658
0.031494
0.030724
0.031175
0.029947
0.314014
0.038818
0.030692
0.031392
0.031938
0.298570
0.054184
0.031772
0.030247
0.031973
0.301646
0.032532
0.031883
0.038712
0.032859
0.300305
0.032479
0.033191
