0.075559
0.025600
0.037315
0.025731
0.025646
0.034390
0.025879
0.024506
0.026276
0.024945
0.046766
0.026527
0.026751
0.024712
0.026798
0.044301
0.026347
0.024817
0.025487
0.025663
0.198748
0.025410
0.025964
0.037025
0.025884
0.238717
0.025534
0.026627
0.026585
0.026937
0.285213
0.024941
0.024768
0.045481
0.027864
0.326740
0.038927
0.027043
0.028763
0.028213
0.300059
0.027394
0.093840
0.028966
0.027261
0.322589
0.033922
0.032557
0.031779
0.053755
0.300153
0.073831
0.277112
0.073973
0.061014
0.343883
0.030959
0.032174
0.092852
0.034966
0.300790
0.035991
0.036315
0.033246
0.030098
0.309611
0.028986
0.042775
0.030375
0.029532
0.352850
0.032504
0.030623
0.097483
0.033123
0.301988
0.030092
0.029651
0.029942
0.029767
0.313301
0.030576
0.030538
0.064043
0.034431
0.300988
0.029464
0.041867
0.057404
0.032295
0.329409
0.030323
0.040509
0.029207
0.028706
0.306989
0.036819
0.077961
0.031821
0.032198
0.301929
0.030085
0.061267
0.029144
0.029811
0.300513
0.030810
0.066064
0.046866
0.029055
0.299455
0.031749
0.031291
0.032715
0.030936
0.300920
0.047823
0.030566
0.032770
