0.120194
0.029145
0.034798
0.032263
0.031009
0.041021
0.031615
0.048371
0.032045
0.033387
0.040278
0.031934
0.032534
0.030839
0.032645
0.053339
0.030990
0.035380
0.031533
0.030804
0.201968
0.045251
0.033630
0.033543
0.035416
0.242579
0.032802
0.044774
0.035019
0.038012
0.289846
0.031598
0.076478
0.032755
0.054884
0.319856
0.031939
0.030958
0.080107
0.034204
0.301977
0.031713
0.033448
0.033384
0.033475
0.307228
0.031895
0.044084
0.031846
0.032879
0.300361
0.031549
0.032611
0.042464
0.057387
0.299863
0.032674
0.032364
0.033696
0.034554
0.301312
0.033029
0.033411
0.057964
0.034447
0.304698
0.036587
0.034945
0.034528
0.033784
0.301327
0.038794
0.033281
0.032794
0.035268
0.299360
0.041705
0.033024
0.031782
0.031459
0.329435
0.030814
0.033721
0.034668
0.032641
0.310827
0.032851
0.054592
0.030398
0.035623
0.301589
0.034950
0.030690
0.031586
0.036527
0.300561
0.032316
0.031229
0.033493
0.031245
0.301491
0.031678
0.031258
0.031007
0.031240
0.298200
0.035268
0.030865
0.032596
0.033429
0.345324
0.037575
0.032537
0.032666
0.034152
0.300733
0.031679
0.032402
0.031854
0.041018
0.311115
