0.087188
0.028537
0.030773
0.030305
0.031428
0.045370
0.032144
0.029821
0.030114
0.031506
0.038235
0.029826
0.031183
0.031492
0.031219
0.046132
0.030774
0.032394
0.059480
0.030624
0.272115
0.031855
0.031581
0.029312
0.029872
0.244442
0.032272
0.031007
0.034622
0.056726
0.287681
0.031116
0.028819
0.029095
0.027389
0.300896
0.032345
0.029061
0.030202
0.028838
0.302030
0.028659
0.028742
0.027899
0.028482
0.300278
0.028501
0.026997
0.027544
0.027311
0.304197
0.029701
0.055741
0.028616
0.028111
0.304754
0.029348
0.029746
0.029240
0.026387
0.301657
0.029636
0.029196
0.028728
0.029497
0.302512
0.028599
0.030550
0.027670
0.028923
0.299663
0.026470
0.028949
0.027761
0.029620
0.301006
0.028242
0.028041
0.028907
0.039520
0.306012
0.037358
0.028259
0.028130
0.029050
0.303108
0.027170
0.026358
0.027865
0.045448
0.321848
0.029122
0.027962
0.030059
0.027917
0.301085
0.027664
0.028625
0.029570
0.031517
0.299858
0.027544
0.028882
0.026625
0.033229
0.301334
0.038818
0.029242
0.028046
0.027396
0.298980
0.027961
0.027006
0.038215
0.027857
0.300268
0.028314
0.028358
0.029188
0.028344
0.298716
0.026974
0.030749
0.031428
0.033341
0.299798
0.027582
0.029037
0.034830
0.027122
0.299986
0.028352
0.027006
0.028787
0.029328
0.301367
0.031916
0.030602
0.029263
0.028347
0.330240
0.030072
0.029494
0.032321
0.030871
0.298166
0.028436
0.032024
0.028124
0.059612
0.310045
