0.098081
0.029106
0.032031
0.033590
0.031446
0.044620
0.032364
0.031308
0.031832
0.032823
0.042458
0.031226
0.032361
0.031905
0.032104
0.045689
0.031470
0.031947
0.032151
0.031682
0.200220
0.032444
0.031916
0.033582
0.033077
0.240927
0.032109
0.033060
0.033116
0.058566
0.284626
0.032966
0.031812
0.032377
0.033150
0.300699
0.033812
0.031578
0.030731
0.032879
0.300838
0.032428
0.032553
0.032129
0.039961
0.301921
0.031283
0.032194
0.031941
0.031771
0.299284
0.036408
0.033006
0.033097
0.031618
0.300703
0.031662
0.034393
0.032489
0.032882
0.300868
0.034069
0.037324
0.032699
0.035816
0.301847
0.032611
0.062087
0.033515
0.045280
0.300479
0.033105
0.033683
0.031642
0.033846
0.307501
0.032329
0.032058
0.032440
0.032429
0.304666
0.033443
0.031950
0.033646
0.032918
0.303349
0.055136
0.033293
0.035457
0.032710
0.301374
0.031989
0.044001
0.038431
0.032490
0.300555
0.044132
0.045958
0.046780
0.031784
0.299380
0.034264
0.032680
0.034632
0.035429
0.303675
0.049717
0.031554
0.032879
