0.118436
0.036843
0.032334
0.034968
0.039087
0.042161
0.043840
0.030247
0.037855
0.040716
0.049043
0.033130
0.032506
0.032607
0.077675
0.046809
0.033740
0.034357
0.034823
0.033464
0.208344
0.035152
0.032660
0.031078
0.032665
0.242632
0.033296
0.033366
0.065061
0.034395
0.283887
0.033068
0.032625
0.047944
0.032479
0.302376
0.057402
0.034272
0.034483
0.033329
0.308472
0.032949
0.034071
0.034039
0.034993
0.300971
0.033169
0.036144
0.036473
0.032235
0.300919
0.031991
0.032096
0.032283
0.035882
0.300998
0.034490
0.036348
0.057675
0.033112
0.300171
0.033053
0.031991
0.031825
0.031962
0.322115
0.033016
0.033999
0.033397
0.032653
0.301290
0.032897
0.030591
0.031431
0.054806
0.324656
0.034056
0.032625
0.032049
0.033485
0.305012
0.035097
0.031683
0.037118
0.034068
0.300907
0.031696
0.031007
0.031487
0.052362
0.300164
0.031969
0.031164
0.034104
0.053223
0.315360
0.031016
0.051266
0.031954
0.030668
0.299956
0.033373
0.031099
0.031381
0.035209
0.317918
0.032535
0.032103
0.032760
0.031715
0.302276
0.030929
0.041697
0.032174
0.029957
0.300204
0.029915
0.029542
0.031335
0.031124
0.299958
0.033857
0.037697
0.032610
0.030662
0.300626
0.031509
0.032458
0.031417
0.032518
0.300627
0.031580
0.036077
0.034344
0.032465
0.300777
0.031935
0.033699
0.035254
0.036369
0.310383
0.032473
0.032672
0.041143
0.035389
0.301780
0.034726
0.031158
0.052297
0.031222
0.314017
0.044555
0.031540
0.033599
0.033753
0.300591
0.041072
0.033731
0.037743
0.035491
0.302130
0.035576
0.052865
0.043519
0.033219
0.300780
0.031377
0.031575
0.032197
0.043203
0.299873
0.033551
