0.092275
0.029781
0.036838
0.032974
0.073059
0.041470
0.033026
0.037477
0.031657
0.030322
0.040239
0.031359
0.053662
0.036096
0.052844
0.046962
0.037119
0.041854
0.032148
0.048843
0.214086
0.036974
0.034117
0.038777
0.033390
0.250982
0.045531
0.040586
0.039461
0.035996
0.281755
0.034545
0.031836
0.033494
0.048342
0.312225
0.035287
0.038454
0.042519
0.033847
0.302668
0.032923
0.033272
0.030948
0.032415
0.299659
0.051791
0.034119
0.033279
0.036362
0.300846
0.034585
0.033559
0.045899
0.033644
0.301626
0.035603
0.037251
0.034143
0.032513
0.303388
0.032978
0.032837
0.033754
