0.069558
0.024975
0.027103
0.029429
0.026411
0.032420
0.027759
0.026996
0.024477
0.026127
0.037518
0.025234
0.026062
0.024591
0.024375
0.044298
0.024166
0.030457
0.024859
0.027730
0.198313
0.026307
0.025738
0.025433
0.026433
0.240371
0.028247
0.036909
0.025628
0.024866
0.309265
0.025383
0.026195
0.026173
0.025779
0.297610
0.038663
0.025385
0.024660
0.033000
0.299151
0.025239
0.025191
0.025027
0.026538
0.297763
0.024545
0.025913
0.026289
0.030060
0.301286
0.026443
0.026787
0.037391
0.029408
0.300652
0.027946
0.043235
0.032351
0.027245
0.297720
0.027190
0.028069
0.028658
0.026377
0.308327
0.026101
0.025883
0.025388
0.025546
0.298179
0.024888
0.026172
0.025490
0.033961
0.298053
0.043763
0.025918
0.025869
0.027359
0.299167
0.026119
0.025317
0.024550
0.025287
0.297193
0.025407
0.026855
0.027248
0.026254
0.300659
0.025892
0.026708
0.027332
0.027467
0.297783
0.026227
0.025362
0.026412
0.025548
0.298677
