0.102610
0.041141
0.031524
0.032120
0.031824
0.047330
0.030365
0.032287
0.030085
0.030864
0.047006
0.034125
0.031657
0.030710
0.029805
0.045224
0.049840
0.088015
0.032253
0.031883
0.208877
0.031145
0.035104
0.031239
0.031965
0.239240
0.034549
0.032063
0.031807
0.031347
0.282132
0.032223
0.031536
0.031022
0.030834
0.302524
0.052386
0.032164
0.060878
0.046671
0.300697
0.047423
0.031582
0.044603
0.031901
0.299223
0.029503
0.031434
0.030192
0.033841
0.298348
0.032560
0.033526
0.030456
0.029698
0.300932
0.042737
0.030193
0.030369
0.033158
0.299056
0.035413
0.030317
0.031652
0.031029
0.302004
0.030546
0.031293
0.029302
0.032997
0.301631
0.032079
0.032046
0.033383
0.031793
0.298996
0.031867
0.032325
0.029931
0.029054
0.298426
0.030223
0.033619
0.031551
0.029617
0.298804
0.035963
0.030817
0.031351
0.035082
0.299085
0.033506
0.031519
0.035100
0.032333
0.300642
0.031474
0.032099
0.031583
0.030835
0.299675
0.031340
0.035370
0.031898
0.031088
0.299616
0.033237
0.033166
0.031253
0.032507
0.299939
0.038964
0.030487
0.031936
0.030474
0.299431
0.033097
0.032465
0.035382
0.029847
0.299754
0.033787
0.033679
0.031635
0.034284
0.301386
0.030084
