0.103678
0.036906
0.034266
0.032633
0.032462
0.040892
0.031874
0.031798
0.031157
0.031985
0.039339
0.031291
0.031708
0.033970
0.034852
0.046027
0.032409
0.033742
0.033051
0.031535
0.200332
0.031481
0.031489
0.031131
0.034401
0.241563
0.032604
0.031906
0.033453
0.033242
0.282889
0.031194
0.031453
0.031508
0.031656
0.299252
0.031101
0.033127
0.032853
0.033213
0.309755
0.041354
0.032291
0.031820
0.032796
0.300060
0.031322
0.031926
0.031033
0.034013
0.299848
0.032916
0.032765
0.032342
0.033958
0.299284
0.033560
0.031578
0.033935
0.032125
0.300688
0.038937
0.033265
0.031198
0.032163
0.299227
0.036676
0.035177
0.034719
0.034667
0.300872
0.030206
0.033176
0.032975
0.033533
0.300245
0.030859
0.032702
0.032029
0.032210
0.300304
0.033457
0.033702
