0.102314
0.035568
0.033828
0.032263
0.031695
0.041477
0.032995
0.044935
0.043525
0.030813
0.040500
0.030920
0.032017
0.031862
0.031859
0.044788
0.031169
0.033710
0.031687
0.031406
0.200371
0.034927
0.032865
0.031172
0.031008
0.238533
0.033833
0.031157
0.030989
0.031720
0.281262
0.031687
0.032456
0.033335
0.033372
0.300165
0.031599
0.031187
0.031730
0.030881
0.303396
0.038556
0.030300
0.209848
0.032568
0.312485
0.033050
0.034595
0.076070
0.031321
0.301347
0.036523
0.031372
0.040443
0.032698
0.299857
0.031180
0.031913
0.033361
0.031813
0.299311
0.031413
0.036820
0.031242
0.031669
0.299815
0.031909
0.032810
0.037050
0.030502
0.300897
0.035036
0.034716
0.035316
0.032287
0.321802
0.036394
0.049332
0.031279
0.030898
0.319008
0.033499
0.034531
0.036767
0.032224
0.323682
0.031404
0.033329
0.031382
0.031985
0.334462
0.032528
0.032941
0.032388
0.032715
0.312815
0.032515
0.030592
0.034305
0.036982
0.328382
0.033094
0.031835
0.032029
0.032821
0.327299
0.032324
0.031993
0.035122
0.031870
0.334582
0.032887
0.040630
0.037834
0.032660
0.337451
0.034138
0.072886
0.034712
0.038549
0.575136
0.033076
0.032764
0.033458
0.034865
0.351408
0.036443
