0.115795
0.030769
0.030781
0.058456
0.037825
0.039143
0.030381
0.030118
0.031400
0.034302
0.056015
0.307557
0.055587
0.033740
0.043982
0.045397
0.031106
0.031550
0.276330
0.034647
0.200784
0.029966
0.032820
0.048671
0.189882
0.251668
0.038155
0.046491
0.048043
0.029437
0.282251
0.028698
0.030748
0.027737
0.063927
0.299849
0.045083
0.030671
0.029528
0.030927
0.302314
0.028371
0.031379
0.032304
0.029721
0.301194
0.033019
0.032612
0.031211
0.055486
0.379890
0.047474
0.037220
0.034020
0.034978
0.361944
0.031217
0.034343
0.036824
0.033735
0.359227
0.053177
0.031080
0.032641
0.030812
0.322600
0.032853
0.031741
0.034343
0.057546
0.310956
0.031763
0.058700
0.032482
0.033376
0.346501
0.031564
0.031248
0.029446
0.031298
0.355127
0.031505
0.039448
0.035131
0.031186
0.303048
0.042435
0.034017
0.060654
0.032311
0.300284
0.031782
0.035866
0.049070
0.049689
0.301464
0.031410
0.048658
0.034667
0.043005
0.300732
