0.094188
0.029438
0.032058
0.030701
0.032950
0.047166
0.032453
0.031630
0.030874
0.031152
0.038680
0.030692
0.032373
0.030606
0.029274
0.046068
0.030213
0.031204
0.070990
0.031660
0.201330
0.032383
0.030727
0.032572
0.031917
0.245874
0.033308
0.033809
0.033633
0.053226
0.282808
0.031565
0.034095
0.031595
0.031170
0.303016
0.032055
0.032198
0.030245
0.030037
0.299741
0.077097
0.042807
0.030723
0.031512
0.303460
0.035881
0.037310
0.032989
0.031024
0.304198
0.033465
0.032475
0.032444
0.032357
0.301173
0.031517
0.032480
0.035638
0.031359
0.303323
0.033930
0.032685
0.039243
0.032896
0.299954
0.034883
0.043982
0.032241
0.032243
0.299371
0.032094
0.033405
0.031828
0.031352
0.302622
0.039082
0.066095
0.032455
0.030433
0.299108
0.031733
0.030754
0.030723
0.032361
0.302125
0.029238
0.064600
0.031033
0.031365
0.301365
0.033370
0.032245
