0.078155
0.030812
0.024520
0.032861
0.026058
0.033943
0.039720
0.038312
0.030776
0.025285
0.037640
0.026300
0.026529
0.025254
0.025269
0.043884
0.027792
0.024611
0.024716
0.024761
0.199451
0.028575
0.025242
0.025393
0.024225
0.242705
0.026882
0.025275
0.029165
0.025267
0.281441
0.024749
0.027260
0.025480
0.025024
0.332074
0.025809
0.027540
0.035956
0.024479
0.298345
0.024872
0.026196
0.026384
0.026734
0.298753
0.024563
0.037714
0.026428
0.025295
0.298117
0.032493
0.031584
0.028847
0.026304
0.297736
0.026175
0.027325
0.025217
0.026387
0.299335
