0.102621
0.028623
0.032600
0.032548
0.034643
0.043693
0.034347
0.034245
0.041865
0.030494
0.040502
0.035434
0.032056
0.032263
0.038431
0.045510
0.030013
0.029757
0.029868
0.029240
0.198664
0.030386
0.030074
0.030731
0.030089
0.238145
0.030858
0.029983
0.030083
0.030346
0.280530
0.030775
0.030263
0.028975
0.028243
0.299598
0.029889
0.029810
0.029113
0.029889
0.299066
0.029645
0.029919
0.030282
0.029366
0.298912
0.029614
0.030480
0.030046
0.032386
0.298705
0.029937
0.029353
0.029745
0.030058
0.297956
0.031005
0.030101
0.030545
0.030527
0.299146
0.030804
0.030550
0.029428
0.029163
0.298014
0.029147
0.029072
0.029680
0.030291
0.299832
0.029732
0.036958
0.029815
0.030381
0.299531
0.029864
0.030128
0.035052
0.029811
0.297997
0.029801
0.031847
0.029996
0.029922
0.299137
0.030932
0.029044
0.029159
0.029242
0.299655
0.031547
0.029732
0.029359
0.030211
0.297696
0.030199
0.034403
0.030371
0.030617
0.299127
0.030102
0.029407
0.031012
0.032990
0.298979
0.029852
0.029384
0.029341
0.029822
0.298287
0.032295
0.030475
0.030401
0.030015
0.300006
0.029739
0.029579
0.030277
0.030045
0.297570
0.036246
0.035011
0.029879
0.029800
0.298969
0.030690
0.030197
0.031585
0.032093
0.301530
0.029595
0.029545
0.029246
0.030173
0.298506
0.031131
0.032497
0.031078
0.033069
0.300378
0.037252
0.033281
0.031762
0.032354
0.300927
0.031334
0.033057
0.032704
0.032591
0.299698
0.033100
0.030979
0.031011
0.032917
0.300700
0.031206
0.032682
0.031831
0.031435
0.299982
