0.125759
0.045844
0.034139
0.045183
0.043813
0.040201
0.034420
0.038025
0.034803
0.042193
0.043173
0.031415
0.033221
0.033086
0.033626
0.047745
0.032009
0.036083
0.032174
0.034365
0.200932
0.036827
0.033919
0.035769
0.032830
0.239399
0.033988
0.033638
0.034150
0.031842
0.282500
0.033038
0.031444
0.032731
0.033070
0.300210
0.032488
0.031839
0.033135
0.032424
0.300831
0.032624
0.031959
0.032101
0.031885
0.300401
0.032289
0.033471
0.032313
0.036987
0.299770
0.032429
0.032074
0.032374
0.032203
0.301160
0.032034
0.033412
0.031477
0.029939
0.299756
0.061458
0.033864
0.038463
0.033869
0.303450
0.032118
0.035196
0.031746
0.031379
0.300568
0.032264
0.035004
0.032409
0.032874
0.301548
0.030934
0.031425
0.032232
0.047192
0.302142
0.032031
0.061227
0.032790
0.034823
0.299519
0.032404
0.032535
0.032361
0.031381
0.300281
0.032775
0.031761
0.032492
0.036009
0.300402
0.079339
0.037077
0.038904
0.032118
0.316000
0.044950
0.049636
0.033777
0.036105
0.303777
0.031608
0.034180
0.033208
0.053813
0.300554
0.032567
0.033624
0.036382
0.032256
0.300362
0.032483
0.033498
0.032275
0.032216
0.300582
0.033878
0.030938
0.032032
0.033308
0.300845
0.033545
0.035655
0.053551
0.068725
0.301208
0.033495
