0.097728
0.030115
0.031805
0.031557
0.031681
0.040139
0.033384
0.031641
0.033515
0.035838
0.040169
0.031988
0.033206
0.033005
0.032336
0.046070
0.040792
0.031902
0.034974
0.033051
0.200571
0.030925
0.031383
0.033363
0.031883
0.238742
0.031066
0.031697
0.032334
0.030521
0.284693
0.032007
0.031514
0.030918
0.032362
0.301818
0.033770
0.031232
0.031747
0.030895
0.300287
0.029575
0.031213
0.033530
0.044136
0.298884
0.030760
0.032771
0.032875
0.033956
0.299892
0.030826
0.034584
0.031970
0.031864
0.301915
0.043164
0.033134
0.044445
0.033306
0.304175
0.031838
0.035148
0.053237
0.032697
0.315585
0.032727
0.035982
0.033495
0.032766
0.300066
0.033966
0.032403
0.032216
0.032656
0.299897
0.036484
0.047480
0.032858
0.033164
0.300138
0.032361
0.068538
0.035306
0.040574
0.301016
0.047135
0.031836
0.060216
0.031711
0.308199
0.032878
0.033756
0.034168
0.048405
0.306643
0.058519
0.033892
0.032680
0.034850
0.301778
