0.122980
0.024585
0.025557
0.027716
0.035077
0.038328
0.024972
0.025051
0.028971
0.027375
0.038376
0.026657
0.025186
0.026976
0.028798
0.056605
0.029712
0.030882
0.040972
0.027435
0.198990
0.065002
0.029098
0.029379
0.030471
0.239025
0.029308
0.045129
0.030199
0.033366
0.281258
0.028180
0.045417
0.028543
0.028168
0.302075
0.029207
0.028735
0.028556
0.027543
0.299000
0.029035
0.028482
0.030446
0.032007
0.299879
0.028991
0.050411
0.027765
0.026134
0.298917
0.026448
0.025198
0.027727
0.025604
0.299900
0.026911
0.026294
0.025403
0.024421
0.297155
0.039474
0.025443
0.024300
0.029376
0.298708
0.026544
0.026377
0.025086
0.027889
0.324278
0.033776
0.031433
0.027013
0.030218
0.298611
0.028321
0.079638
0.049292
0.177613
0.302040
0.030734
0.027216
0.039731
0.031489
0.317261
0.025944
0.032832
0.055691
0.026920
0.298255
0.034418
0.079465
0.030553
0.029604
0.300870
0.045714
0.028210
0.029056
0.032738
0.301387
0.032753
0.028920
0.029810
0.028334
0.301474
0.028734
0.029592
0.028765
0.031157
0.304452
0.029814
0.055234
