0.107219
0.029941
0.031577
0.033705
0.032252
0.039055
0.030897
0.031436
0.064347
0.039188
0.043427
0.033709
0.044672
0.032702
0.063611
0.045908
0.034186
0.030370
0.043753
0.034087
0.200678
0.047091
0.039177
0.041737
0.033020
0.242461
0.032277
0.046035
0.033275
0.036902
0.314697
0.032244
0.037750
0.044641
0.036669
0.302640
0.056695
0.034863
0.042871
0.030833
0.332697
0.032535
0.029581
0.040828
0.031746
0.304774
0.030778
0.031832
0.034754
0.041109
0.300734
0.030745
0.034402
0.030500
0.033797
0.305239
0.032252
0.031981
0.039328
0.042429
0.302027
0.040753
0.031345
0.032654
0.031493
0.301170
0.031950
0.052686
0.031000
0.032719
0.300981
0.030280
0.030469
0.031464
0.030303
0.299538
0.030344
0.031685
0.029545
0.030519
0.298923
0.029792
0.032819
0.029097
0.045901
0.298945
