0.093490
0.035383
0.032718
0.032252
0.034526
0.040434
0.043224
0.033118
0.035375
0.032234
0.043308
0.031730
0.032451
0.031704
0.034669
0.046465
0.030421
0.031980
0.039510
0.039127
0.201224
0.032288
0.031157
0.032019
0.031258
0.240421
0.031925
0.031352
0.037112
0.030317
0.281764
0.032916
0.030814
0.032091
0.031104
0.303260
0.034771
0.030796
0.039553
0.030601
0.300370
0.032180
0.032370
0.030553
0.029369
0.300626
0.030589
0.030036
0.031951
0.031596
0.299595
0.030130
0.030431
0.029980
0.029852
0.300030
0.038579
0.051796
0.030512
0.030269
0.300526
0.030545
0.029644
0.031358
0.031772
0.308636
0.031197
0.030089
0.029904
0.031137
0.300996
0.032853
0.032082
0.033057
0.035277
0.300030
0.032030
0.032071
0.032750
0.031617
0.304336
