0.107268
0.029069
0.030299
0.036976
0.029678
0.037544
0.030458
0.030751
0.040955
0.030890
0.039008
0.031797
0.030621
0.031211
0.032382
0.045260
0.030309
0.031091
0.036093
0.031670
0.211132
0.047829
0.046879
0.032894
0.031344
0.241602
0.031992
0.032814
0.035433
0.030664
0.282042
0.033054
0.035607
0.031080
0.031558
0.299956
0.034416
0.032052
0.032768
0.034163
0.300462
0.034497
0.032817
0.032266
0.030914
0.300560
0.031483
0.032681
0.032206
0.032736
0.301139
0.032356
0.059355
0.031789
0.033349
0.299988
0.032773
0.031912
0.035100
0.032122
0.365582
0.034961
0.034885
0.033063
0.032988
0.299945
0.033697
0.034446
0.033187
0.032811
0.301237
0.034013
0.036405
0.032312
0.032891
0.300828
0.059583
0.032104
0.037754
0.037056
0.303233
0.031979
0.034844
0.032206
0.031580
0.299647
0.031787
0.050075
0.031127
0.031764
0.301278
0.059047
0.031959
0.056716
0.033690
0.299329
0.032161
0.049073
0.033225
0.031409
0.300368
0.031878
0.030290
0.030612
0.036345
0.303047
0.047163
0.031084
0.032036
0.035625
0.301036
0.032107
0.032365
0.032122
0.053853
0.302281
0.031360
0.063572
0.031313
0.030418
0.299145
0.031059
0.030684
0.038963
0.036229
0.300444
0.031421
0.042181
0.030426
0.032340
0.310481
0.032923
0.032083
0.035373
0.030665
0.299501
0.032067
0.074389
0.031832
0.064039
0.300203
0.051490
0.036385
0.030402
0.030432
0.329447
0.040298
0.032247
0.035983
0.034432
0.301381
0.031864
0.032988
0.032285
0.034906
0.300458
0.032380
0.035573
0.032478
0.048713
0.307714
0.034641
0.045698
0.040366
0.032584
0.300875
0.032966
0.032235
0.031158
0.031406
0.311106
0.063419
0.031569
0.031461
0.035879
0.301364
0.059800
0.029439
0.032678
0.044931
0.303684
0.031286
0.030455
0.031687
0.037774
0.311276
0.033694
0.034291
0.034101
