0.100081
0.042205
0.032189
0.032230
0.033126
0.063865
0.034300
0.034600
0.030338
0.033930
0.052486
0.040688
0.041554
0.031533
0.033979
0.047733
0.050640
0.042257
0.036576
0.038438
0.202855
0.033306
0.032411
0.034815
0.034550
0.241114
0.031412
0.032734
0.034092
0.045852
0.283653
0.036326
0.045863
0.033657
0.040538
0.307069
0.031965
0.033888
0.032245
0.034817
0.301300
0.034407
0.034451
0.033597
0.050990
0.320885
0.032692
0.053695
0.036162
0.032804
0.301680
0.049875
0.032311
0.032981
0.049312
0.308503
0.033037
0.034573
0.034065
0.048121
0.311950
0.031716
0.032607
0.046422
0.045837
0.300308
0.033499
0.033025
0.034043
0.033100
0.301514
0.033802
0.034047
0.031414
0.063645
0.307661
0.031329
0.031441
0.030819
0.033366
0.303788
0.032351
0.034098
0.036589
0.059049
0.302549
0.032030
0.032638
0.031413
0.031516
0.298794
0.034081
0.043244
0.032440
0.033942
0.300748
0.031505
0.031821
0.031132
0.031871
0.300330
0.031960
0.031138
0.031514
0.031543
0.303676
0.033658
0.033176
0.034063
0.033063
0.300424
0.031529
0.031256
0.035990
0.032535
0.299578
