0.102245
0.032118
0.033863
0.033499
0.036738
0.039142
0.043712
0.033748
0.062824
0.032022
0.040522
0.032994
0.049988
0.045971
0.043473
0.046352
0.033895
0.044857
0.034697
0.039949
0.199742
0.033643
0.064746
0.038563
0.031969
0.239535
0.031714
0.030293
0.031120
0.031550
0.283826
0.031826
0.033199
0.034625
0.045774
0.300556
0.032494
0.031065
0.032813
0.032374
0.299201
0.033575
0.035911
0.036038
0.032017
0.300762
0.031599
0.031765
0.033282
0.032393
0.301848
0.032954
0.034408
0.034227
0.039069
0.316329
0.032126
0.034254
0.031478
0.031946
0.299467
0.031174
0.033147
0.033375
0.032481
0.301565
0.075100
0.030548
0.033486
0.031024
0.299514
0.039631
0.044276
0.032677
0.032294
0.299837
0.032492
0.032158
0.031762
0.033298
0.303981
0.033917
0.044804
0.032393
0.031004
0.304520
0.030430
0.031333
0.045128
0.049276
0.309088
0.037105
0.033040
0.032319
0.033019
0.300933
0.031806
0.033465
0.033801
0.033962
0.301958
0.033505
0.032667
0.032182
