0.110909
0.029170
0.031187
0.030488
0.029906
0.038934
0.050925
0.030885
0.030689
0.032166
0.039192
0.038450
0.030321
0.036009
0.030568
0.045709
0.034011
0.035164
0.031083
0.028585
0.208285
0.043256
0.031012
0.031647
0.030955
0.239045
0.032784
0.034068
0.031755
0.032069
0.283778
0.035380
0.033794
0.031962
0.032097
0.315679
0.033196
0.032298
0.032203
0.032043
0.300668
0.031686
0.035219
0.032739
0.034102
0.300993
0.043802
0.033944
0.030092
0.030177
0.300424
0.028916
0.029457
0.030663
0.032013
0.299221
0.032052
0.030568
0.030173
0.029343
0.299246
0.032682
0.032579
0.030362
0.030037
0.300958
0.028365
0.033892
0.030699
0.032547
0.299059
0.030991
0.029488
0.031796
0.026134
0.297640
0.030114
0.031102
0.031612
0.031738
0.299770
0.031619
0.031491
0.030730
0.038966
0.300400
0.032408
0.034768
0.032832
0.031418
0.298380
0.031586
0.032691
0.032073
0.029744
0.299565
0.031287
0.029887
0.029521
0.029981
0.299267
0.029943
0.029452
0.030435
0.029579
0.300317
0.030722
0.028966
0.029568
0.028947
0.301000
0.030692
0.030138
0.029071
0.029834
0.301735
0.030517
0.029483
0.028548
0.028654
0.300586
0.031557
0.031790
0.031461
0.031983
0.299136
0.040553
0.034604
0.032492
0.031696
0.301445
0.035157
0.032058
0.031389
0.030080
0.299373
0.030231
0.029073
0.030313
0.030388
0.299026
0.031222
0.029987
0.030812
0.029878
0.298703
0.031305
0.028252
0.041341
0.029756
0.300309
0.030296
0.030507
0.029219
0.030480
0.299008
0.030992
0.031391
0.030802
0.030223
0.299588
0.031945
0.030594
0.045558
0.031695
0.303188
0.033605
0.041306
0.043804
0.030446
0.299908
0.031271
0.040668
0.031435
0.055997
0.307021
0.031455
0.031819
0.036575
0.034236
0.300816
0.036323
