0.104827
0.029816
0.031984
0.030484
0.054358
0.043957
0.046780
0.031873
0.030336
0.053701
0.058213
0.031585
0.030769
0.040357
0.030259
0.046744
0.029159
0.039581
0.052756
0.029638
0.201071
0.029656
0.030481
0.030841
0.056687
0.239242
0.070859
0.040563
0.031814
0.032285
0.283473
0.029595
0.031550
0.031051
0.032334
0.299302
0.030509
0.030787
0.029669
0.031041
0.319287
0.045295
0.054035
0.068923
0.030945
0.300453
0.032310
0.057187
0.031571
0.034164
0.326741
0.030750
0.031167
0.035918
0.047906
0.335896
0.033944
0.048849
0.030103
0.030928
0.307250
0.030001
0.033216
0.030585
0.042685
0.299879
0.029760
0.031668
0.029865
0.029100
0.300087
0.028762
0.030308
0.030016
0.032845
0.299241
0.029459
0.029568
0.029121
0.030232
0.300294
0.029872
0.031301
0.030723
0.030102
0.299542
0.029977
0.029639
0.030834
0.048851
0.299304
0.029536
0.030968
0.041064
0.043047
0.299868
0.031087
0.054251
0.029764
0.030146
0.300122
