0.095753
0.041152
0.033008
0.052701
0.031725
0.038521
0.031910
0.033982
0.033603
0.032270
0.039592
0.032302
0.032929
0.032070
0.031072
0.062746
0.043682
0.031425
0.032980
0.033454
0.204159
0.032723
0.032801
0.034784
0.063148
0.241185
0.032526
0.033199
0.033222
0.031523
0.282594
0.032909
0.030794
0.034355
0.032261
0.299639
0.031021
0.030429
0.031070
0.030410
0.298899
0.029799
0.033039
0.030995
0.030345
0.300095
0.030026
0.031965
0.030620
0.031144
0.299680
0.031545
0.030684
0.031448
0.031279
0.300699
0.030972
0.048332
0.033297
0.030267
0.304050
0.031042
0.031861
0.032636
0.048497
0.300245
0.030834
0.034149
0.032752
0.045392
0.314323
0.031772
0.032359
0.032962
0.027369
0.300289
0.032429
0.044943
0.041266
0.031984
0.300293
0.030399
0.032222
0.031257
