0.092610
0.025630
0.029268
0.029155
0.028786
0.038069
0.027487
0.027828
0.026973
0.028133
0.065064
0.027814
0.029024
0.027578
0.032654
0.058345
0.028588
0.028958
0.029160
0.027438
0.201029
0.029370
0.028655
0.027606
0.029847
0.241261
0.028672
0.027657
0.027338
0.071548
0.280865
0.031621
0.027485
0.028192
0.027510
0.299181
0.028857
0.029228
0.027551
0.031867
0.298435
0.027029
0.027350
0.028141
0.027604
0.301067
0.029445
0.033643
0.028275
0.028508
0.333187
0.028603
0.028719
0.026690
0.029304
0.299745
0.029187
0.027434
0.026713
0.032182
0.301486
0.027361
0.027532
0.028732
0.027621
0.297888
0.029952
0.026250
0.030236
0.027887
0.298062
0.037347
0.027922
0.027568
0.027713
0.300789
0.026629
0.030976
0.030344
0.026981
0.298386
0.027484
0.026322
0.027358
0.026142
0.301923
0.026089
0.026451
0.026373
0.026699
0.300497
0.027457
0.030110
0.031213
