0.075294
0.034828
0.030460
0.028145
0.043800
0.035470
0.028550
0.038801
0.026507
0.024996
0.036939
0.025968
0.024988
0.024548
0.024708
0.044520
0.024167
0.024553
0.029212
0.025924
0.199565
0.029601
0.030143
0.029266
0.027674
0.239233
0.033182
0.027787
0.028914
0.026820
0.282358
0.025664
0.027234
0.027408
0.052963
0.300387
0.026845
0.027180
0.027122
0.027926
0.300523
0.029799
0.032746
0.029578
0.031197
0.300312
0.029147
0.031130
0.026225
0.026284
0.299340
0.030205
0.025978
0.025199
0.025591
0.298558
0.026635
0.026146
