0.096553
0.030185
0.042481
0.031250
0.062403
0.066436
0.060728
0.031931
0.031943
0.056155
0.045525
0.031402
0.031333
0.033136
0.032697
0.045779
0.060577
0.033784
0.036834
0.030758
0.202042
0.031965
0.031513
0.030650
0.061627
0.239607
0.056617
0.033438
0.031969
0.035097
0.282881
0.031613
0.031100
0.036493
0.052742
0.303645
0.035056
0.034989
0.038774
0.032048
0.328458
0.033775
0.034874
0.034964
0.035695
0.314270
0.034283
0.058542
0.033868
0.045741
0.298926
0.034406
0.041581
0.034107
0.035116
0.300035
0.045878
0.038970
0.032085
0.033507
0.301342
0.032914
0.031851
0.037420
0.032776
0.300466
0.032754
0.032336
0.033326
0.032939
0.300992
0.034222
0.032033
0.037405
0.039085
0.337278
0.031797
0.033608
0.048582
0.034123
0.300497
0.033596
0.036615
0.035832
0.036358
0.301713
0.035169
0.036038
0.040906
0.033461
0.328198
0.031961
0.040492
0.038115
0.032945
0.302740
0.033769
0.071203
0.034649
0.034149
0.300520
