0.097898
0.029719
0.032584
0.032501
0.031782
0.063425
0.032753
0.033530
0.042977
0.037232
0.060478
0.031199
0.034213
0.032813
0.057742
0.046109
0.041724
0.032495
0.032411
0.033625
0.202211
0.030794
0.033426
0.032213
0.032871
0.252888
0.032052
0.034367
0.043888
0.033328
0.282166
0.031787
0.032804
0.032481
0.033265
0.312582
0.033068
0.037328
0.033374
0.031727
0.300232
0.032259
0.059395
0.035069
0.053699
0.301580
0.032334
0.034021
0.033988
0.040613
0.325861
0.033319
0.051977
0.031195
0.031441
0.301659
0.059942
0.031794
0.031596
0.031968
0.301616
0.032955
0.035083
0.030446
0.032262
0.327245
0.029837
0.061811
0.044109
0.029825
0.301260
0.031962
0.035333
0.029737
0.043133
0.326665
0.053726
0.032021
0.029753
0.031481
0.299912
0.053414
0.030441
0.029567
0.031472
0.304410
0.038957
0.029150
0.030524
0.029153
0.301061
0.036507
0.030241
0.033274
0.032448
0.338753
0.068746
0.039827
0.032388
0.030979
0.300795
0.029446
