0.080186
0.029101
0.027631
0.030570
0.031486
0.067012
0.053021
0.026352
0.043061
0.026629
0.091116
0.081712
0.026245
0.031224
0.026237
0.087780
0.028517
0.027179
0.032303
0.027690
0.199220
0.025964
0.024617
0.026958
0.026193
0.237363
0.025682
0.027751
0.025514
0.027308
0.286033
0.028605
0.031649
0.028001
0.026760
0.299080
0.025076
0.024606
0.024817
0.024339
0.297252
0.025131
0.029084
0.025307
0.025959
0.302662
0.027511
0.025939
0.026158
0.024548
0.297846
0.029478
0.025168
0.026041
0.026252
0.298693
0.040676
0.025662
0.025146
0.024729
0.297903
0.025254
0.025570
0.025867
0.026008
0.297742
0.055855
0.025730
0.025474
0.025256
0.298105
0.028070
0.025378
0.039411
0.025667
0.298094
0.024960
0.052138
