0.077678
0.031215
0.027564
0.033072
0.051171
0.036997
0.030671
0.035781
0.024814
0.030630
0.035644
0.024353
0.024865
0.025590
0.028630
0.056672
0.026111
0.026628
0.036168
0.025649
0.199049
0.025188
0.026962
0.050963
0.024410
0.237825
0.033961
0.025751
0.025268
0.026851
0.280624
0.025502
0.025297
0.035881
0.024972
0.298003
0.027081
0.030982
0.025079
0.039920
0.326822
0.025536
0.026740
0.026988
0.107794
0.299608
0.026453
0.025364
0.026863
0.026278
0.298439
0.025781
0.028433
0.028119
0.025980
0.298699
0.027554
0.029331
0.026414
0.028898
0.299362
0.028051
0.047941
0.029502
0.028835
0.299051
0.028492
0.026412
0.026671
0.026880
0.299404
0.029499
0.025709
0.026729
0.045905
0.299408
0.026384
0.025972
0.029915
0.027570
0.298357
0.027937
0.028940
0.031134
0.029596
0.298722
0.026682
0.025759
0.025514
0.025281
0.297756
0.025390
0.035926
0.042474
0.024626
0.297487
0.026444
