0.150761
0.049278
0.039689
0.040340
0.036858
0.057528
0.036700
0.036543
0.045974
0.039837
0.046448
0.042012
0.049217
0.036068
0.038632
0.124005
0.042403
0.040974
0.048177
0.043031
0.221767
0.034899
0.034918
0.069725
0.036632
0.241333
0.040867
0.035841
0.034728
0.040489
0.283116
0.042051
0.041822
0.047700
0.049971
0.301535
0.035771
0.068501
0.032975
0.035347
0.318094
0.047118
0.034828
0.034796
0.034783
0.374060
0.057517
0.033666
0.037461
0.032773
0.378387
0.040290
0.038424
0.044461
0.050141
0.316756
0.036212
0.045655
0.038638
0.035114
0.301854
0.035031
0.043583
0.053960
0.098481
0.313370
0.055255
0.040384
0.036844
0.038429
0.307804
0.037603
0.046536
0.049275
0.039182
0.305058
0.039285
0.043387
0.040292
0.082798
0.303120
0.036190
0.036559
0.041044
0.037169
0.366013
