0.098207
0.029649
0.031037
0.050059
0.036818
0.041329
0.032903
0.031859
0.032765
0.063200
0.046754
0.035324
0.042588
0.033774
0.037893
0.046388
0.033768
0.050013
0.032980
0.033161
0.201401
0.033108
0.036551
0.035500
0.035882
0.242266
0.044144
0.040203
0.149301
0.295447
0.298348
0.033128
0.035549
0.051635
0.042496
0.354912
0.042019
0.036115
0.035958
0.037848
0.352017
0.087551
0.088088
0.033975
0.036659
0.302822
0.032694
0.043774
0.034409
0.043699
0.300373
0.054002
0.033508
0.030141
0.047378
0.311597
0.036084
0.034063
0.032316
0.032963
0.301353
0.033402
0.056608
0.042913
0.031821
0.330415
0.044663
0.033416
0.051476
0.033070
0.302687
0.059964
0.036009
0.040258
0.032667
0.300530
0.032341
0.034577
0.039471
0.033182
0.299610
0.033866
0.031887
0.032502
0.033136
0.300652
0.033259
0.036368
0.032179
0.032286
0.300779
0.033035
0.033663
0.035473
0.033962
0.301442
0.035948
0.031205
0.032937
0.033969
0.299563
0.043737
0.031960
0.033722
0.038445
0.300241
0.034157
0.032477
0.032454
0.032229
0.300774
0.035872
0.033352
0.033980
0.033890
0.300201
0.033510
0.033375
0.034110
0.032387
0.300506
0.032865
0.032130
0.032045
0.031631
0.300279
0.035399
0.032228
0.031803
0.034583
0.307001
