0.100305
0.032578
0.030645
0.039575
0.033125
0.045908
0.033764
0.034374
0.038076
0.046214
0.038474
0.036641
0.039207
0.036497
0.044941
0.058255
0.034394
0.040745
0.044807
0.032090
0.201029
0.029778
0.031278
0.034671
0.034919
0.250321
0.034928
0.030679
0.031533
0.030949
0.281638
0.031811
0.035601
0.041135
0.034936
0.299798
0.033136
0.043240
0.052203
0.033285
0.514102
0.029538
0.029299
0.037074
0.036809
0.540760
0.098289
0.028424
0.028723
0.028842
0.300021
0.033834
0.030448
0.036287
0.031289
0.300118
0.031750
0.029517
0.030097
0.030011
0.301473
0.032498
0.032796
0.030131
0.048148
0.302685
0.062014
0.042825
0.030985
0.032810
0.299364
0.028127
0.029736
0.029612
0.029144
0.300656
0.028738
0.027984
0.028013
0.029603
0.300199
0.027563
0.048262
0.028847
0.028443
0.299536
0.027399
0.028054
0.027518
0.029985
0.298805
0.028841
0.029007
0.028423
0.028835
0.298700
0.029142
0.030360
0.039411
0.034575
0.299519
0.028900
0.038762
0.029739
0.029256
0.300003
0.028135
0.036923
0.033787
0.034528
0.298930
0.026943
0.028373
0.026461
0.027217
0.299659
0.044186
0.026473
0.026417
0.026493
0.299919
0.033660
0.031443
0.030345
0.038014
0.301084
0.031778
0.030319
0.028103
0.027636
0.298624
0.028637
0.030935
0.029693
0.029616
0.298512
0.029444
0.026423
0.025043
0.038341
0.299380
0.031303
0.025085
0.025391
0.031401
0.298530
0.042692
0.025516
0.026085
0.024815
0.299781
0.025325
0.025358
0.027138
0.025278
0.298119
0.028610
0.031378
0.026026
0.036288
0.297671
0.025357
0.025692
0.027755
0.026781
0.299155
0.028181
0.027304
0.029829
0.030700
0.299696
0.052745
0.025941
0.026321
0.024788
0.297554
0.025713
0.032213
0.025375
0.025550
0.297392
0.025070
