0.094975
0.032602
0.068515
0.035256
0.046872
0.040348
0.033448
0.032913
0.056020
0.031050
0.078279
0.063103
0.033776
0.032946
0.033459
0.045740
0.034539
0.032786
0.032549
0.031962
0.204958
0.055809
0.050526
0.035219
0.033468
0.238508
0.032291
0.032176
0.034318
0.034497
0.282897
0.031404
0.030331
0.045758
0.033608
0.299734
0.033623
0.032480
0.033607
0.033315
0.304268
0.055841
0.033441
0.032031
0.034076
0.308445
0.031089
0.032112
0.044139
0.034289
0.304265
0.052102
0.048092
0.033532
0.034651
0.300692
0.031147
0.031591
0.047883
0.036540
0.303754
0.036102
0.036502
0.035775
0.033322
0.338857
0.048497
0.039863
0.046221
0.057394
0.300236
0.046414
0.037714
0.052622
0.046507
0.341787
0.033045
0.034240
0.035884
0.034740
0.346953
0.039703
0.041598
0.049492
0.039222
0.304429
0.042049
0.048358
0.034695
0.034749
0.301960
0.032023
0.035247
0.032069
0.033900
0.323389
0.034909
0.035256
0.034968
0.033920
0.320158
0.031238
0.066682
0.031827
0.040008
0.327990
0.034037
0.032013
0.034074
0.033233
0.299359
0.032107
0.033156
0.030389
0.031104
0.300779
0.035078
0.033856
0.034145
0.033573
0.304142
0.036025
0.036557
0.032361
0.031845
0.300388
0.032145
0.033945
0.032424
0.033401
0.300564
0.038382
0.031999
0.031588
0.031120
0.300713
0.043468
0.032061
0.031914
0.031083
0.301921
0.034500
0.031202
0.033961
0.033985
0.301623
0.036926
0.032432
0.033819
0.034099
0.302012
0.039600
0.038027
0.032977
0.031889
0.299984
0.033046
0.034004
0.034444
0.038822
0.300759
0.035443
0.040587
0.038654
0.043870
0.305637
0.034364
0.033225
0.034073
0.040078
0.300388
0.034913
