0.092174
0.029257
0.027201
0.026622
0.027292
0.035638
0.027221
0.027584
0.029088
0.024835
0.035298
0.028315
0.025707
0.028336
0.027014
0.043539
0.025370
0.025086
0.024503
0.028051
0.199859
0.038090
0.028016
0.036019
0.028929
0.266542
0.030998
0.027618
0.026417
0.027613
0.289182
0.026696
0.026328
0.026925
0.044161
0.299578
0.032305
0.027689
0.039368
0.027735
0.337186
0.029648
0.032663
0.038924
0.032720
0.455980
0.032246
0.028720
0.026758
0.026937
0.300301
0.027766
0.027892
0.028358
0.056586
0.298352
0.025734
0.025648
0.027363
0.026532
0.299284
0.036400
0.026752
0.036510
0.037046
0.302672
0.028853
0.028105
0.026742
0.084842
0.299060
0.026955
0.028573
0.040277
0.028483
0.299461
0.036958
0.050401
0.029591
0.026578
0.299510
0.033772
0.028543
0.044265
0.028953
0.303575
0.025635
0.026307
0.047279
0.037697
0.298768
0.031646
0.026985
0.026597
0.068668
0.299298
0.044056
0.029449
0.026368
0.026330
0.298840
0.026505
0.026229
0.064703
0.026887
0.298965
0.040194
0.026076
0.026541
0.026827
0.299064
0.031304
0.027285
0.032172
0.030630
0.303779
0.031735
0.028279
0.026876
0.026776
0.300456
0.026970
