0.088119
0.026981
0.037056
0.032152
0.038691
0.045550
0.029027
0.042591
0.063876
0.040314
0.040277
0.026840
0.026792
0.027580
0.025878
0.080096
0.042403
0.025992
0.029958
0.028622
0.199207
0.035605
0.042788
0.028613
0.031470
0.240890
0.065998
0.036404
0.026374
0.027052
0.280789
0.034545
0.033126
0.073487
0.026649
0.300133
0.027349
0.027715
0.027431
0.031663
0.303315
0.046431
0.030678
0.026675
0.031817
0.299715
0.028673
0.031617
0.029949
0.045593
0.299859
0.027873
0.025248
0.036417
0.028590
0.298119
0.025730
0.026471
0.026956
0.026468
0.298535
0.026919
0.026248
0.027075
0.027415
0.319485
0.026841
0.027015
0.027652
0.026114
0.344667
0.029346
0.040306
0.043284
0.048032
0.300275
0.026662
0.026350
0.031453
0.026891
0.298771
0.025886
0.034099
0.063435
0.024823
0.298986
0.028862
0.047439
0.026651
0.024677
0.297023
0.027950
0.025975
0.025512
0.030360
0.300318
0.028853
0.030261
0.025606
0.024950
0.299258
0.026692
0.030843
0.032231
0.027264
0.299544
0.026680
0.026035
0.025249
0.026051
0.310878
0.027056
0.026284
0.037488
0.030146
0.307878
0.030565
0.030417
0.036581
0.026652
0.298211
0.026369
0.027736
0.027004
0.027370
0.300373
0.025095
0.026002
0.049465
0.026195
0.298402
0.031381
0.026601
0.028086
0.025371
0.298357
0.029915
0.029599
0.027856
0.027835
0.302498
0.039135
0.025743
0.028570
0.026619
0.298868
0.027969
0.030114
0.030103
0.026270
0.331410
0.054674
0.031350
0.027602
0.026411
0.297951
0.025963
0.025011
0.049967
0.026676
0.299991
0.026954
0.026626
0.039577
0.027350
0.298266
0.058841
0.025282
0.035815
0.025573
0.299540
0.026523
0.027488
0.026302
0.027331
0.300707
0.026495
0.025555
0.025365
0.050528
0.306599
0.026500
0.029557
0.029041
0.028155
0.301892
