0.114680
0.033152
0.034687
0.031963
0.033481
0.040770
0.032004
0.035943
0.034234
0.038990
0.045430
0.036509
0.042918
0.045421
0.033590
0.058656
0.031819
0.037021
0.040719
0.035053
0.213985
0.031044
0.033433
0.035428
0.035852
0.244855
0.038563
0.039211
0.045979
0.037958
0.282386
0.035964
0.040493
0.036459
0.033729
0.301619
0.035812
0.035193
0.038328
0.034200
0.301277
0.034015
0.036682
0.037441
0.038720
0.301503
0.040216
0.034893
0.032168
0.036031
0.313648
0.037139
0.071138
0.035102
0.037790
0.302539
0.032228
0.064073
0.034187
0.034873
0.527871
0.036071
0.035579
0.034840
0.038167
0.299192
0.074353
0.045716
0.033957
0.033754
0.305024
0.033784
0.031762
0.033120
0.032928
0.301602
0.035139
0.034094
0.034544
0.036756
0.302594
0.038444
0.061848
0.030740
0.029845
0.300870
0.037356
0.045710
0.034165
0.031140
0.299151
0.027478
0.043660
0.028809
0.028132
0.299701
0.031021
0.031481
0.032429
0.030655
0.308596
0.050656
0.045670
0.035133
0.033359
0.358139
0.037241
0.033876
0.031020
0.032310
0.299430
0.038317
0.035376
0.032341
0.031688
0.300591
0.030763
0.045879
0.031816
0.032826
0.303556
0.031770
