0.128157
0.051821
0.032191
0.028253
0.029403
0.037760
0.028934
0.033115
0.037225
0.029268
0.038545
0.029738
0.030940
0.029559
0.030206
0.048455
0.032388
0.035242
0.061977
0.036029
0.232648
0.095741
0.111305
0.033731
0.038744
0.243153
0.035876
0.037815
0.031242
0.032390
0.283487
0.032014
0.034424
0.036591
0.037574
0.313261
0.031872
0.029992
0.034418
0.030721
0.324975
0.028534
0.035063
0.031951
0.035586
0.342095
0.029373
0.031573
0.033362
0.029177
0.300261
0.029413
0.030526
0.032219
0.029003
0.299888
0.026899
0.060611
0.027612
0.041272
0.298855
0.032944
0.055697
0.026947
0.028406
0.312551
0.027365
0.028968
0.028489
0.039352
0.323059
0.028661
0.027487
0.037770
0.026191
0.299156
0.029520
0.029084
0.031000
0.030272
0.302142
0.030885
0.034344
0.031642
0.030785
0.305225
0.031476
0.030195
0.031218
0.031809
0.305838
0.028724
0.029953
0.040298
0.032292
0.301462
0.029855
0.029740
0.039253
0.030687
0.317873
0.031066
0.045668
0.029285
0.032506
0.302647
0.030250
0.032069
0.033546
