0.101266
0.030948
0.032470
0.032580
0.033662
0.042252
0.060015
0.033107
0.034078
0.036535
0.043298
0.044965
0.054931
0.036359
0.046181
0.046152
0.031814
0.051582
0.031822
0.034354
0.200422
0.035137
0.045381
0.037767
0.033630
0.240975
0.033363
0.042533
0.033982
0.033615
0.282139
0.031634
0.075314
0.032868
0.047587
0.310464
0.033723
0.048393
0.036941
0.035217
0.304336
0.035704
0.034874
0.059669
0.038581
0.301202
0.036452
0.059880
0.034119
0.048868
0.300505
0.033468
0.043523
0.033757
0.035328
0.301199
0.043613
0.035156
0.036113
0.033156
0.300664
0.051373
0.032028
0.055646
0.031859
0.310676
0.037734
0.040365
0.035859
0.033604
0.305899
0.033587
0.039764
0.037748
0.042591
0.300441
0.042888
0.032483
0.032402
0.033431
0.302334
0.034787
0.032822
0.032802
0.031925
0.301116
0.037006
0.036321
0.034250
0.033951
0.317621
