0.112157
0.042688
0.031087
0.030945
0.036246
0.042369
0.032340
0.030965
0.029431
0.031061
0.042485
0.032203
0.031667
0.034558
0.031301
0.044098
0.031169
0.031982
0.034522
0.032092
0.199672
0.040838
0.032147
0.031991
0.030736
0.240991
0.031281
0.036627
0.031903
0.031325
0.286983
0.032043
0.029545
0.030099
0.031484
0.299967
0.032637
0.030910
0.034722
0.031203
0.298795
0.029412
0.029338
0.031319
0.034913
0.300078
0.036961
0.030457
0.030528
0.030584
0.301182
0.031075
0.030543
0.031079
0.030618
0.299773
0.029865
0.030418
0.031362
0.029936
0.299488
0.030679
0.030638
0.030048
0.034518
0.311713
0.030361
0.031169
0.030985
0.030619
0.300821
0.029372
0.031550
0.029755
0.031160
0.300474
0.030909
0.051464
0.033985
0.031938
0.302149
0.031544
0.030611
0.031945
0.031000
0.306712
0.030558
0.030005
0.029482
0.031267
0.300152
0.030909
0.033412
0.030964
0.030192
0.299743
0.030765
0.032172
0.031236
0.030354
0.299265
