0.076151
0.024359
0.029532
0.028078
0.028228
0.034877
0.132817
0.026252
0.026791
0.027792
0.039937
0.024547
0.026551
0.025939
0.030698
0.044735
0.024830
0.030522
0.029327
0.181573
0.261181
0.029698
0.198282
0.025268
0.024457
0.248645
0.026246
0.210011
0.032394
0.026653
0.453907
0.026700
0.026166
0.026443
0.027064
0.388344
0.032937
0.038491
0.026671
0.029048
0.299856
0.138243
0.030026
0.221703
0.118749
0.300181
0.030070
0.030802
0.035110
0.029238
0.407876
0.029565
0.072321
0.029340
0.029861
0.300073
0.209891
0.033354
0.174046
0.032854
0.304469
0.029647
0.037938
0.193339
0.030488
0.301695
0.031513
0.031488
0.209778
0.027975
0.516351
0.025881
0.262042
0.026386
0.230435
0.298243
0.155168
0.026114
0.219833
0.026051
0.481100
0.025458
0.267733
0.028796
0.026286
0.430018
0.030734
0.027638
0.268251
