0.253119
0.027929
0.040547
0.029457
0.202339
0.044274
0.030257
0.192669
0.033547
0.253091
0.040678
0.232126
0.036746
0.030521
0.255528
0.049111
0.222168
0.036676
0.217280
0.033524
0.292288
0.029751
0.032416
0.138698
0.027429
0.438118
0.029483
0.185344
0.027825
0.223839
0.302513
0.028575
0.187097
0.028401
0.039452
0.471231
0.029063
0.030126
0.270159
0.028765
0.427120
0.029515
0.150923
0.239448
0.030304
0.479616
0.030436
0.233992
0.055784
0.028594
0.299495
0.030915
0.135591
0.029193
0.265438
0.492146
0.033465
0.198233
0.030463
0.104680
0.300509
0.032716
0.034676
0.032311
0.252184
0.413512
0.032621
0.033100
0.029670
0.231461
0.299318
0.213081
0.031545
0.030181
0.201245
0.355601
0.039627
0.032257
0.029339
0.030181
0.298332
0.030434
0.038000
0.029831
0.031927
0.299929
0.029630
0.035175
0.030364
0.028531
0.300025
0.031918
0.029023
0.027948
0.029564
0.300597
0.029424
0.027682
0.028370
0.027899
0.300989
0.029742
0.033858
0.029934
0.045722
0.302797
0.027456
0.030021
0.030012
0.029095
0.302228
0.029958
0.029093
0.030190
0.084399
0.299644
0.029254
0.028725
0.029265
0.029193
0.300838
0.029546
0.028042
0.039405
0.033150
0.299197
0.031056
0.029201
0.033427
0.029452
0.299750
0.029311
0.046204
0.029677
0.030009
0.309349
0.029649
0.029263
0.031131
0.030432
0.299601
0.028516
0.028856
0.028397
0.029385
0.300186
0.029436
0.029499
0.038887
0.030249
0.299449
0.028512
0.029181
0.029428
0.039649
0.300226
0.029795
0.032588
0.028573
0.029061
0.300303
0.029427
0.031255
0.029923
0.029411
0.305165
0.028817
0.029514
0.029367
0.028404
0.299788
0.033470
0.030666
0.029968
0.029221
0.299310
0.029403
0.028375
0.028257
0.029009
0.301748
0.030097
0.028461
0.030245
0.031518
0.301005
0.030189
0.040876
0.029071
0.030422
0.299770
0.029159
0.029279
0.030576
0.028755
0.300303
0.029188
0.029416
0.029290
0.028771
0.299656
0.032430
0.039067
0.027998
0.028791
