0.077510
0.047758
0.025781
0.024506
0.033562
0.064739
0.026205
0.049421
0.050921
0.026173
0.035294
0.025173
0.025911
0.029260
0.028738
0.043383
0.024900
0.024643
0.024330
0.045662
0.198343
0.027931
0.054905
0.029871
0.030876
0.240209
0.026453
0.026448
0.033787
0.029603
0.280282
0.028294
0.027284
0.030013
0.028305
0.299146
0.024750
0.042627
0.054550
0.026451
0.298270
0.026560
0.025306
0.027155
0.026451
0.298114
0.024350
0.025927
0.027421
0.025207
0.298390
0.026371
0.025611
0.025610
0.026352
0.298547
0.036808
0.025437
0.024785
0.026493
0.300169
0.025772
0.025642
0.024675
0.025015
0.301607
0.032937
0.026047
0.027767
0.029683
0.298978
