3.062920
0.078644
0.251498
0.040334
0.162968
0.039693
0.231447
0.087633
0.155224
0.064489
0.066695
0.216884
0.049427
0.076777
0.152572
0.237707
0.050507
0.061236
0.330136
0.351397
0.149328
0.263367
0.166079
0.317433
0.282930
0.184781
0.279352
0.248310
0.213694
0.249544
0.439826
0.307583
0.342665
0.198418
0.384068
0.228274
0.201612
0.272374
0.229908
0.212902
0.332295
0.291425
0.255246
0.274010
0.370566
0.369700
0.372288
0.250495
0.196744
0.212027
0.250236
0.200245
0.279209
0.245062
0.193529
0.192884
0.193277
0.312966
0.280281
0.249540
0.190703
0.366556
0.267793
0.217238
0.192068
0.282209
0.242023
0.385716
0.202783
0.282803
0.247305
0.259877
0.264580
0.203261
0.305593
0.288432
0.196780
0.194736
0.193617
0.196057
0.193143
0.199427
0.193085
0.222661
0.193045
0.194562
0.192430
0.194108
0.191136
0.191615
0.193877
0.197202
0.373715
0.379470
0.305793
0.203625
0.217117
0.191130
0.208030
0.374150
0.191720
0.555151
0.198853
0.197328
0.192203
0.308892
0.196423
0.193129
0.205402
0.195290
0.270358
0.200850
0.198090
0.200735
0.275548
0.336806
0.353514
0.274553
0.201638
0.195668
0.289050
0.193359
0.258993
0.199665
0.199776
0.282269
0.251583
0.203737
0.292166
0.197602
0.216622
0.199885
0.271338
0.189814
0.276146
0.386393
0.250517
0.273739
0.212311
0.279594
0.294739
0.233950
0.294205
0.280283
0.191716
0.189706
0.201578
0.191349
0.324987
0.289469
0.511106
0.272618
0.289540
0.232441
0.190267
0.201218
0.199236
0.199902
0.265131
0.261377
0.299832
0.275969
0.267988
0.267828
0.204865
0.201720
0.190951
0.271708
0.354437
0.192168
0.195701
0.197937
0.280144
0.198857
0.191541
0.238381
0.196247
0.208021
0.192091
0.213625
0.332394
0.194083
0.261011
0.193867
0.212101
0.260053
0.260235
0.191529
0.247269
0.236301
0.194160
0.193274
0.210229
0.383681
0.251970
0.229400
0.203761
0.222442
0.199314
0.285594
0.388462
0.193778
