0.275903
0.235253
0.034920
0.039044
0.044365
0.033053
0.032331
0.035157
0.038042
0.035023
0.033963
0.032924
0.033027
0.058278
0.034597
0.035234
0.037589
0.037105
0.117601
0.121925
0.131747
0.142449
0.140659
0.155055
0.147477
0.156348
0.179574
0.165624
0.169010
0.173513
0.177942
0.185155
0.189543
0.192453
0.193903
0.191110
0.193597
0.205378
0.191678
0.229165
0.190757
0.189752
0.205504
0.189956
0.192614
0.199505
0.189740
0.196299
0.190694
0.191115
0.190805
0.189854
0.192758
0.191293
0.202525
0.191161
0.220423
0.210824
0.223422
0.204695
0.206136
0.189729
0.196454
0.215786
0.189326
0.193337
0.189756
0.192397
0.197981
0.196949
0.191019
0.206537
0.192560
0.191722
0.322599
0.190469
0.189692
0.200332
0.189591
0.195076
0.190401
0.211342
0.227291
0.200369
0.217730
0.206810
0.201796
0.196282
0.199045
0.191404
0.189071
0.224371
0.192689
0.227442
0.219239
0.274796
0.191604
0.191246
0.194470
0.189696
0.190645
0.197707
0.192832
0.192856
0.222755
0.203785
0.188906
0.205264
0.190315
0.191700
0.191652
0.188856
0.210214
0.233131
0.191381
0.207001
0.198460
0.189576
0.191797
0.200968
0.189878
0.191004
0.203342
0.199980
0.190902
0.190667
0.192606
0.193930
0.192067
0.190072
0.188838
0.226039
0.191671
0.190609
0.191825
0.192712
0.199101
