0.074096
0.024597
0.038230
0.039088
0.078815
0.034105
0.039447
0.033195
0.034511
0.044961
0.033162
0.032368
0.032537
0.034968
0.035814
0.034824
0.037745
0.038267
0.132546
0.123892
0.132578
0.143888
0.136982
0.145554
0.149437
0.153086
0.165896
0.190980
0.169856
0.175861
0.180842
0.187645
0.192936
0.193195
0.194917
0.193040
0.188674
0.206741
0.195247
0.190582
0.212059
0.214910
0.201231
0.190672
0.190128
0.242018
0.195854
0.193837
0.192403
0.191635
0.192573
0.191471
0.189992
0.194956
0.197389
0.188832
0.193107
0.192609
0.191240
0.188459
0.189880
0.192285
0.190295
0.190165
0.189200
0.191812
0.205637
0.189284
0.192000
0.190124
0.189577
0.190367
0.189834
0.192377
0.190456
0.191587
0.198588
0.190124
0.200953
0.190670
0.241186
0.190584
0.198259
0.191298
0.195769
0.216463
0.189945
0.191063
0.243937
0.189334
0.195177
0.191255
