0.118895
0.032982
0.036425
0.039486
0.038746
0.042349
0.065879
0.039183
0.040172
0.041447
0.039532
0.042800
0.039091
0.042697
0.061077
0.115834
0.041513
0.040198
0.135418
0.137871
0.131567
0.143054
0.139085
0.176297
0.149852
0.166471
0.208297
0.167938
0.176466
0.175994
0.181192
0.188789
0.234798
0.194965
0.191797
0.197327
0.199136
0.193076
0.193748
0.209286
0.224188
0.192676
0.193542
0.212159
0.202058
0.194083
0.193642
0.192736
0.229512
0.191592
0.193866
0.198678
0.191351
0.192650
0.192542
0.192224
0.197726
0.211256
0.195216
0.191020
0.191040
0.195026
0.193386
0.191471
0.245932
0.191599
0.196839
0.191430
0.191565
0.194952
0.200685
0.196099
0.227474
0.193562
0.192609
0.192430
0.195561
0.193053
0.214558
0.191602
0.222899
0.234561
0.193275
0.226961
0.192064
0.193970
0.192049
0.191683
0.193424
0.202404
0.233029
0.191850
0.197644
0.191898
0.205482
0.192813
0.202824
0.193833
0.192923
0.192845
0.193918
0.215883
