0.094098
0.044040
0.081353
0.036722
0.037078
0.038194
0.048753
0.049423
0.039063
0.037025
0.041415
0.036924
0.039390
0.049141
0.036884
0.037924
0.039870
0.039100
0.189557
0.122352
0.156546
0.142079
0.184288
0.150651
0.155496
0.166911
0.163473
0.183304
0.172361
0.176349
0.180926
0.185792
0.194778
0.192425
0.192943
0.194015
0.192458
0.196596
0.216425
0.193732
0.192517
0.215734
0.193754
0.191995
0.196449
0.201178
0.192216
0.190937
0.190601
0.206076
0.200517
0.195701
0.223206
0.190945
0.191990
0.189705
0.192130
0.194343
0.196955
0.191158
0.190153
0.196468
0.194656
0.190910
0.209562
0.192513
0.192658
0.195163
0.191372
0.202543
