0.085778
0.029896
0.064354
0.040252
0.037301
0.048710
0.035514
0.036213
0.037931
0.037753
0.047145
0.052737
0.061928
0.043261
0.036907
0.037563
0.080623
0.094391
0.121623
0.124443
0.131051
0.157417
0.151526
0.146658
0.148711
0.166247
0.167578
0.167524
0.173630
0.175847
0.234497
0.204076
0.193783
0.225999
0.193065
0.193844
0.190526
0.236945
0.235791
0.192103
0.364849
0.195970
0.192245
0.204867
0.200640
0.198035
0.192177
0.193399
0.197860
0.262146
0.384152
0.237927
0.195469
0.190970
0.295653
0.265541
0.190869
0.258515
0.244828
0.200433
0.234599
0.256672
0.263435
0.210754
0.193499
0.194198
0.311667
0.192458
0.192849
0.191379
0.225803
0.192106
0.193324
0.191774
0.191174
0.194714
0.192958
0.236176
0.191874
0.192568
0.206732
0.190862
0.199998
0.190721
0.191457
0.193201
0.211969
0.193827
0.226092
0.193491
0.212341
0.196011
0.206886
0.194308
0.192626
0.191913
0.189752
0.192138
0.192369
0.191465
0.191859
0.193116
0.195163
0.201621
0.193691
0.189931
0.193157
0.239295
0.192055
0.211204
0.191492
0.194681
0.193582
0.199118
0.229235
0.192509
0.194255
0.244954
