0.076990
0.026005
0.069053
0.032106
0.047187
0.035279
0.033548
0.050267
0.030436
0.057635
0.032629
0.031643
0.032225
0.074525
0.035311
0.037148
0.066104
0.038056
0.120021
0.147082
0.130066
0.149808
0.147755
0.144474
0.146800
0.155323
0.159938
0.164621
0.169224
0.173424
0.179822
0.184929
0.201809
0.190881
0.191782
0.189656
0.191577
0.189954
0.190885
0.198553
0.189547
0.191023
0.197348
0.195649
0.189421
0.213249
0.191730
0.191718
0.192847
0.206014
0.190969
0.188743
0.194878
0.210454
0.189982
0.204972
0.190511
0.192440
0.190141
0.191041
0.190452
0.192197
0.195879
0.194567
0.191156
0.191774
0.191163
0.198975
0.204332
0.191085
0.193866
0.200196
0.198642
0.319929
0.193578
0.190371
0.203683
0.247830
0.204946
0.206705
0.422398
0.221299
0.195286
0.191666
0.193545
0.190042
0.197778
0.194662
0.219359
0.373734
0.364457
0.288765
0.359701
0.320895
0.366278
0.189950
0.368027
0.276845
0.203742
0.367341
0.589441
0.196628
0.191303
0.189478
0.274929
0.444302
0.302629
0.196216
0.262270
0.190759
0.290401
0.332637
0.200347
0.365148
0.192298
0.283846
0.392959
0.197820
0.331582
