0.247093
0.032055
0.049963
0.360584
0.044361
0.046606
0.046885
0.042062
0.259617
0.043564
0.267761
0.350084
0.094331
0.049142
0.040388
0.041825
0.323758
0.042353
0.128330
0.124934
0.287813
0.435153
0.407845
0.380948
0.284147
0.378381
0.162218
0.234275
0.177582
0.175143
0.267418
0.271516
0.272871
0.268477
0.195488
0.202028
0.262610
0.193324
0.335596
0.311469
0.191859
0.281606
0.246737
0.351055
0.271556
0.324126
0.294959
0.260675
0.267662
0.191437
0.193943
0.303320
0.192304
0.228415
0.254966
0.262056
0.288565
0.211586
0.191978
0.324184
0.303324
0.365499
0.192492
0.306105
0.221309
0.217719
0.397537
0.205701
0.223397
0.373336
0.333017
0.243273
0.212073
0.269918
0.366017
0.190671
0.246242
0.271136
0.334455
0.201737
0.371686
0.280145
0.287478
0.208747
0.191548
0.191180
0.214209
0.192707
0.193734
0.214274
0.192819
0.200520
0.194480
0.191785
0.260960
0.191586
0.214462
0.192294
0.194790
0.193611
0.192044
0.193915
0.190470
0.192303
0.192777
0.192497
0.191613
0.192358
0.195702
0.192751
0.192619
0.191770
0.238050
0.191824
0.191007
0.195889
0.191093
0.191898
0.191186
0.193252
0.192820
