0.095841
0.034252
0.046911
0.043776
0.040030
0.049290
0.049127
0.076797
0.037734
0.038330
0.037431
0.035445
0.036249
0.039814
0.041130
0.037791
0.041873
0.053132
0.121049
0.127928
0.131873
0.134769
0.158293
0.207089
0.200275
0.170855
0.163776
0.169325
0.170781
0.177325
0.183748
0.189328
0.349398
0.193160
0.237291
0.252118
0.252009
0.228829
0.288361
0.195685
0.196720
0.434904
0.200573
0.193135
0.194210
0.191293
0.193321
0.191571
0.193166
0.207980
0.195891
0.219429
0.197596
0.197325
0.223518
0.193061
0.192509
0.267614
0.193516
0.192557
0.192541
0.197278
0.197164
0.192507
0.218364
0.211042
0.203892
0.198792
0.231899
0.206561
0.193298
0.191854
0.211846
0.191403
0.197370
0.192076
0.193637
0.196599
0.191669
0.192927
0.198389
0.218817
0.198461
0.194727
0.190855
0.370547
0.202667
0.269279
0.198188
0.251800
0.194205
0.230473
0.493773
0.192475
0.369727
0.197058
0.193977
0.198489
0.193538
0.228722
0.192788
0.202545
0.194511
0.412016
0.197942
0.192874
0.307781
0.420587
0.242123
0.395953
0.351203
0.366144
0.199025
0.348209
0.349890
0.341722
0.361951
0.343137
0.200144
0.198561
0.342035
0.331817
0.200176
0.210631
0.440995
0.226693
0.332339
0.298042
0.400978
0.356534
0.234412
0.441809
0.428462
0.436881
0.490000
0.388784
0.392903
0.203341
0.346953
0.335296
0.220086
0.401318
0.405436
0.353017
0.331639
0.412596
0.196256
0.201092
0.199515
0.198974
0.346690
