0.106840
0.043005
0.062228
0.037230
0.038543
0.050409
0.040985
0.062470
0.041274
0.041423
0.040181
0.038479
0.056741
0.035926
0.037724
0.046876
0.039768
0.084868
0.129562
0.122688
0.132542
0.138561
0.143127
0.147177
0.158793
0.155295
0.162662
0.165316
0.173670
0.178957
0.181528
0.186226
0.191046
0.224776
0.197490
0.196062
0.194983
0.194186
0.191346
0.195372
0.192443
0.199466
0.192015
0.191535
0.192935
0.191586
0.193923
0.191087
0.192684
0.202140
0.194465
0.194094
0.194373
0.196881
0.190641
0.191827
0.199946
0.196222
0.192035
0.208926
0.190806
0.192932
0.194241
0.190940
0.205230
0.194945
0.193026
0.192980
0.194932
0.211819
0.191018
0.201060
0.194276
0.192545
0.192588
0.208813
0.195304
0.193071
0.192414
0.198553
0.193480
0.191523
0.191848
0.192484
0.197329
0.190985
0.193901
0.207442
0.196622
0.192229
0.193330
0.191083
0.192111
0.199443
0.204928
0.199860
0.191792
0.193433
0.195387
0.196953
0.191782
0.202910
0.190456
0.191254
0.192210
0.191861
0.190955
0.190594
0.191859
0.192272
0.191039
0.191002
0.191563
0.193508
0.192751
0.194784
0.192255
0.215352
0.191415
0.217725
0.194664
0.192441
0.196072
0.193306
0.190540
0.216352
0.195684
0.193405
0.221851
0.194659
0.194463
0.194029
0.204103
0.193219
0.193030
0.193933
0.191260
0.195325
0.193868
0.190071
0.194793
0.193519
0.191616
0.193360
0.192739
0.192057
0.189766
0.190979
0.217169
0.198185
0.193660
0.191612
0.192235
0.208500
0.218406
0.197518
0.190789
0.207720
0.193542
0.199536
0.193038
0.199810
0.194226
0.222953
0.208218
0.192852
0.280764
0.196679
0.194731
0.191708
0.220879
0.193077
