0.089170
0.030272
0.067727
0.041963
0.041346
0.039062
0.039054
0.070566
0.068208
0.038420
0.038147
0.038866
0.041921
0.039661
0.056488
0.063953
0.041356
0.061430
0.122752
0.192286
0.132230
0.140029
0.138885
0.149541
0.152866
0.191130
0.168112
0.165520
0.180957
0.183597
0.239375
0.188206
0.194062
0.191772
0.204390
0.192043
0.195793
0.191826
0.277416
0.195001
0.192472
0.194235
0.202880
0.217584
0.223102
0.255799
0.243817
0.191578
0.194089
0.192935
0.194438
0.202553
0.191988
0.203664
0.191684
0.192800
0.200286
0.192345
0.194658
0.193455
0.193029
0.192586
0.191707
0.193477
0.196154
0.193398
0.193117
0.193166
0.200446
0.194144
0.193342
0.194197
0.210195
0.191752
0.193182
0.194652
0.212764
0.197926
0.192511
0.194335
0.252707
0.200879
0.193490
0.204206
0.224638
0.201136
0.194132
0.194329
0.206568
0.198852
0.218191
0.226532
0.193588
0.276394
0.380521
0.214897
0.191508
0.204626
0.206324
0.193616
0.191548
0.205282
0.194035
0.204473
0.205386
0.192324
0.192314
0.221841
0.221382
