0.323322
0.344282
0.039982
0.391571
0.041666
0.040345
0.048778
0.352471
0.042135
0.342511
0.042567
0.515383
0.047077
0.397957
0.044843
0.093784
0.057286
0.413050
0.436939
0.288416
0.421828
0.358509
0.147869
0.158371
0.523815
0.176102
0.302562
0.325195
0.421824
0.385551
0.577895
0.295676
0.348379
0.199979
0.194443
0.199104
0.311759
0.216749
0.195609
0.194563
0.199563
0.192185
0.196523
0.196961
0.193671
0.193235
0.194674
0.194916
0.191289
0.192186
0.191218
0.199626
0.262672
0.201151
0.194413
0.412817
0.296255
0.200274
0.210257
0.192821
0.193464
0.192353
0.192476
0.217518
