0.075815
0.027187
0.039142
0.152770
0.053691
0.115278
0.041714
0.036058
0.037346
0.038659
0.039792
0.055515
0.039997
0.060850
0.036009
0.047397
0.218702
0.046062
0.129123
0.123967
0.134576
0.164836
0.184262
0.148399
0.159034
0.154571
0.248771
0.172063
0.383538
0.233698
0.389784
0.192881
0.191804
0.195153
0.273377
0.411816
0.191879
0.219513
0.213964
0.200281
0.201488
0.220943
0.201163
0.200669
0.226472
0.213877
0.196828
0.233125
0.189822
0.201803
0.193384
0.200090
0.191621
0.190575
0.192241
0.192583
0.191988
0.190919
0.237994
0.402297
0.289003
0.317244
0.322804
0.199570
0.215382
0.277023
0.194929
0.190991
0.278449
0.191825
0.196268
0.384460
0.281675
0.321190
0.248078
0.207406
0.214206
0.191148
0.208344
0.190182
0.189727
0.191055
0.191434
0.195090
0.190041
0.191405
0.203170
0.196117
0.190484
0.232439
0.281362
0.659093
0.345449
0.228276
0.355920
0.216685
0.206904
0.217011
0.277998
0.337111
0.268942
