0.149334
0.075604
0.038838
0.056071
0.040168
0.044706
0.074989
0.053610
0.040308
0.041183
0.037653
0.038450
0.046806
0.038344
0.040021
0.047076
0.038773
0.041743
0.118694
0.126339
0.132807
0.140773
0.149194
0.182390
0.150620
0.158404
0.163506
0.168342
0.174267
0.176942
0.180695
0.186811
0.193792
0.193891
0.191750
0.191888
0.229261
0.192311
0.192642
0.193987
0.192374
0.193100
0.263635
0.192503
0.192638
0.191091
0.194215
0.192175
0.246699
0.295173
0.271237
0.199777
0.316084
0.275186
0.290317
0.220582
0.235840
0.191203
0.217087
0.193180
0.190100
0.190718
0.214167
0.197195
0.220572
0.214022
0.197573
0.190482
0.209139
0.350501
0.196130
0.198128
0.191828
0.193642
0.250517
0.270150
0.195493
0.227531
0.218728
0.283301
0.196252
0.292962
0.194460
0.191866
0.209934
0.197233
0.203540
0.198402
0.201258
0.192096
0.191525
0.192167
0.192485
0.191140
0.197578
0.341936
0.191291
0.202029
0.192277
0.194303
0.197519
0.197001
0.193315
0.211018
0.204633
0.193085
0.192555
0.199654
0.191600
0.196052
0.195771
0.318637
0.195410
0.196994
0.224174
0.194462
0.334162
0.197341
0.191630
0.194415
0.213973
0.220835
0.197678
0.232353
0.197161
0.190666
0.213722
