0.189939
0.030749
0.161109
0.041653
0.184517
0.154611
0.039355
0.148923
0.146348
0.039788
0.149784
0.163854
0.039675
0.041765
0.130192
0.166612
0.042667
0.044011
0.133894
0.150232
0.129786
0.134310
0.140076
0.147774
0.148919
0.155134
0.161974
0.165460
0.170606
0.176136
0.181808
0.186716
0.191479
0.200670
0.193753
0.191530
0.191241
0.195415
0.195242
0.191285
0.193204
0.192355
0.196262
0.204726
0.192571
0.213550
0.190622
0.207544
0.191504
0.192249
0.191736
0.193560
0.202785
0.191633
0.191499
0.193766
0.192514
0.191899
0.199133
0.203233
0.206402
0.192571
0.191700
0.192467
0.190255
0.198897
0.193153
0.190252
0.206680
0.193204
0.237017
0.232320
0.216486
0.191895
0.206608
0.191732
0.191811
0.191645
0.190727
0.192216
0.191116
0.191841
0.200643
