0.091200
0.030535
0.039968
0.037175
0.040370
0.045557
0.039920
0.041055
0.038916
0.041232
0.039683
0.036545
0.036038
0.038455
0.039079
0.037899
0.039379
0.039831
0.119622
0.123576
0.132059
0.134577
0.138801
0.146207
0.148951
0.156538
0.187409
0.167759
0.176653
0.175783
0.180300
0.185981
0.190693
0.192629
0.191249
0.191268
0.192028
0.190066
0.193003
0.191800
0.191576
0.190895
0.192241
0.193338
0.192501
0.191640
0.191548
0.193022
0.192311
0.214354
0.192621
0.194714
0.191605
0.191834
0.191622
0.192126
0.194060
0.191485
0.193070
0.193038
0.192322
0.190506
0.191078
0.191689
0.191248
0.191866
0.191707
0.191399
0.192023
0.227256
0.191777
0.194806
0.191577
0.192401
0.198887
0.191109
0.191559
0.192375
0.192464
0.191681
0.190855
0.193874
0.192293
0.191337
0.191565
0.191492
0.191834
0.192307
0.193228
0.209652
0.192296
0.191272
0.204224
0.192536
0.206724
0.192386
0.191211
0.193025
0.192510
0.191689
0.192264
0.195639
0.193682
0.191550
0.192289
0.205834
0.196206
0.252688
0.190817
0.191575
0.193925
0.192248
0.191223
0.192121
0.193309
0.208592
0.191357
0.200516
0.191248
0.225471
0.190900
0.191449
0.191998
0.225796
0.192047
0.191877
0.199919
