0.086627
0.032013
0.037277
0.047115
0.055025
0.040252
0.046086
0.039420
0.038346
0.035764
0.124165
0.067014
0.037629
0.038696
0.039049
0.085374
0.039231
0.040090
0.171736
0.123946
0.130499
0.138807
0.138669
0.160724
0.149592
0.156801
0.162851
0.165453
0.172029
0.177774
0.210681
0.186382
0.192505
0.214363
0.192788
0.196067
0.191362
0.195300
0.193594
0.205234
0.208709
0.190989
0.190304
0.191031
0.191346
0.191339
0.191186
0.191560
0.191818
0.449309
0.195387
0.191570
0.194780
0.206147
0.192073
0.197365
0.192103
0.191303
0.190597
0.192424
0.191633
0.193050
0.191197
0.191743
0.190970
0.190479
0.193635
0.192008
0.190747
0.189421
0.190887
0.193167
0.190712
0.191238
0.193571
0.191023
0.190863
0.190686
0.191027
0.191163
0.190929
0.190658
0.190585
0.192742
0.191684
0.192095
0.190444
0.191366
0.191290
0.190189
0.193373
0.191957
0.191265
0.190703
0.194264
0.193164
0.191263
0.192993
0.190476
0.192291
0.191579
