0.079656
0.030660
0.037756
0.037476
0.047861
0.035801
0.035522
0.048866
0.036053
0.040926
0.038977
0.036254
0.037984
0.034990
0.042495
0.037074
0.038437
0.039182
0.121507
0.122871
0.130880
0.135070
0.137307
0.144858
0.148602
0.155230
0.162151
0.168261
0.172563
0.175229
0.190739
0.187335
0.191293
0.197783
0.190164
0.190000
0.196700
0.191500
0.191733
0.192792
0.192390
0.193179
0.191134
0.191444
0.190712
0.191441
0.191417
0.193078
0.191206
0.191869
0.193613
0.192804
0.192802
0.199146
0.191636
0.194845
0.195461
0.190963
0.191190
0.190785
0.191831
0.191719
0.192857
0.191962
0.196912
0.214254
0.190707
0.191118
0.192544
0.191518
0.190374
0.191146
0.192250
0.191214
0.191973
0.191027
0.191214
0.193782
0.192663
0.193672
0.192855
0.191365
0.192367
0.196663
0.192003
0.192683
0.192630
0.191272
0.191965
0.221215
0.192421
0.201596
0.191668
