0.063445
0.024653
0.030967
0.035732
0.032501
0.031247
0.034979
0.034322
0.032249
0.032728
0.037771
0.034655
0.035059
0.033820
0.034800
0.035595
0.035944
0.038766
0.117899
0.122083
0.129910
0.132756
0.138355
0.144704
0.148082
0.153563
0.159904
0.163638
0.170640
0.172800
0.178033
0.184978
0.189842
0.191557
0.189724
0.189726
0.190099
0.190021
0.189792
0.189039
0.193224
0.189000
0.190684
0.190441
0.188979
0.191782
0.190389
0.190621
0.190409
0.188727
0.189769
0.189919
0.190314
0.189333
0.206925
0.189113
0.189086
0.210637
0.189788
0.193178
0.190815
