0.091296
0.030560
0.038461
0.036728
0.042517
0.039013
0.037657
0.036469
0.036611
0.037279
0.060714
0.040971
0.038101
0.038337
0.037668
0.092665
0.037875
0.039234
0.117662
0.122527
0.128736
0.132946
0.139169
0.146319
0.150054
0.153462
0.160245
0.165003
0.169668
0.173822
0.179737
0.216993
0.191310
0.189372
0.190469
0.190090
0.190691
0.193638
0.190426
0.190775
0.190096
0.200232
0.190853
0.190405
0.192447
0.189899
0.190531
0.189386
0.191671
0.191216
0.189952
0.190770
0.191011
0.196330
0.192176
0.190477
0.191130
0.190907
0.190647
0.190087
0.190668
0.190895
0.190551
0.189899
0.190749
0.193837
0.193228
0.222686
0.189454
0.189833
0.191238
0.190190
0.189376
0.191825
0.305372
0.192154
0.199695
0.250957
0.345805
0.420902
0.203900
0.192538
0.189598
0.190540
0.189795
0.189566
0.191404
0.189388
0.189637
0.189654
0.189545
0.190040
0.189926
0.190329
0.189897
0.189363
0.189602
0.190478
0.190639
0.190983
0.190983
0.191079
0.188857
0.190358
0.190469
0.190466
0.190104
0.190754
0.189065
0.190432
0.190733
0.191832
0.215185
0.190483
0.189872
0.189431
0.217717
0.191267
0.192624
0.197309
0.191802
0.190845
0.189469
0.190146
0.294258
0.192034
0.189697
0.189086
0.190946
0.190078
0.189998
0.191202
0.196877
0.190743
0.190205
0.190339
0.198861
0.194451
0.192792
0.190459
0.191381
0.198548
0.191937
0.191692
0.191575
0.191793
0.192020
0.191320
0.197842
0.192632
0.220484
0.194139
0.190687
0.192289
0.192070
0.197117
0.211191
0.191491
0.191004
0.192665
0.196525
