0.095606
0.030986
0.044861
0.043112
0.065785
0.040802
0.041689
0.041339
0.038132
0.041081
0.042494
0.038428
0.042835
0.038118
0.037224
0.039213
0.042072
0.039508
0.118865
0.123106
0.130741
0.137085
0.139460
0.146846
0.148548
0.155183
0.169900
0.165087
0.173268
0.176061
0.189658
0.186666
0.191515
0.190960
0.192016
0.190814
0.189475
0.191733
0.192006
0.191490
0.191652
0.192260
0.193129
0.190146
0.192252
0.190748
0.193292
0.192788
0.197466
0.194438
0.204243
0.196578
0.206581
0.194348
0.192861
0.192867
0.192141
0.191778
0.193186
0.207193
0.195234
0.190880
0.196381
0.197170
0.194065
0.194753
0.198557
0.190907
0.192896
0.191445
0.190476
0.189993
0.191996
0.190629
0.191445
0.191905
0.192033
0.190947
0.193513
0.194403
0.191102
0.190919
0.190555
0.190200
0.195834
0.191280
0.191586
0.203777
0.191388
0.202652
0.192419
0.191250
0.192520
0.190483
0.193579
0.191324
0.192997
0.196034
0.191301
0.197954
0.191719
0.190843
0.191956
0.192750
0.191992
0.206502
0.193033
0.194949
0.193279
0.191160
0.191006
0.191239
0.191173
0.191879
0.192580
0.199123
0.191225
0.193441
0.190612
0.191669
0.190973
0.191155
0.191753
0.192834
0.208110
0.191033
0.191386
0.191405
0.191664
0.192839
0.191237
0.191653
