0.101218
0.030590
0.039988
0.040997
0.037214
0.048544
0.068437
0.039205
0.043575
0.055412
0.042675
0.052288
0.037612
0.048141
0.071812
0.039685
0.061018
0.040241
0.131373
0.123052
0.130099
0.134125
0.138147
0.145975
0.150035
0.160781
0.161589
0.165893
0.171673
0.175411
0.186893
0.186327
0.193295
0.211423
0.191341
0.191972
0.198240
0.341823
0.204040
0.311064
0.196774
0.192824
0.193759
0.192724
0.191579
0.211485
0.192388
0.192935
0.198630
0.194002
0.191785
0.193779
0.192096
0.191319
0.191739
0.192210
0.192288
0.189963
0.191352
0.192573
0.192249
0.191493
0.201708
0.192699
0.193816
0.202180
0.191272
0.192648
0.193111
0.206639
0.193388
0.191674
0.192524
0.212463
0.192638
0.192652
0.200803
0.195200
0.191530
0.204064
0.190948
0.195467
0.190675
0.192392
0.190867
0.191758
0.205356
0.193896
0.212636
0.195287
0.192692
0.191961
0.190155
0.197136
0.192197
0.191618
0.190146
0.198084
0.192110
0.191958
0.196986
