0.074299
0.024519
0.032919
0.036002
0.034757
0.039656
0.030274
0.033345
0.032599
0.044028
0.030133
0.032698
0.032183
0.033828
0.036032
0.037417
0.038310
0.038616
0.118438
0.122438
0.128924
0.132869
0.145012
0.164054
0.147810
0.156335
0.160785
0.165719
0.169961
0.173894
0.180359
0.192432
0.190387
0.191312
0.191514
0.189725
0.192143
0.192756
0.192640
0.190561
0.189637
0.191692
0.192108
0.191320
0.190315
0.190295
0.189525
0.189935
0.191336
0.189223
0.189957
0.189418
0.197930
0.189471
0.192552
0.190310
0.191592
0.192993
0.192872
0.191711
0.189398
0.191115
0.190722
0.193289
0.209237
0.212235
0.194240
0.199237
0.191059
0.243128
0.195665
0.211228
0.190002
0.192961
0.189441
0.189023
0.189333
0.202999
0.191254
0.191080
0.189664
0.191006
0.191482
0.191444
0.194016
0.227719
0.190629
0.283144
0.269413
0.192883
0.205745
0.191571
0.188728
0.191028
0.191208
0.190818
0.282089
0.190399
0.196233
0.207449
0.193712
0.191896
0.190382
0.205683
0.193866
0.189829
0.190691
0.191971
0.191527
0.189821
0.196629
0.191364
0.198350
