0.088093
0.029925
0.041212
0.037750
0.038090
0.041657
0.038926
0.114840
0.038090
0.035244
0.044670
0.035845
0.037243
0.039885
0.037972
0.038676
0.039636
0.056642
0.121633
0.124763
0.130601
0.135738
0.140690
0.147264
0.157073
0.159642
0.221073
0.166951
0.176287
0.177409
0.187347
0.186224
0.190987
0.239467
0.192113
0.192035
0.204587
0.195716
0.192191
0.208834
0.192582
0.191443
0.193930
0.201272
0.191734
0.191489
0.191817
0.191508
0.192135
0.195929
0.192060
0.213460
0.193372
0.191364
0.191601
0.190949
0.191997
0.190820
0.204823
0.192203
0.198254
0.218539
0.191657
0.191853
0.190702
0.196463
0.192121
0.192377
0.192874
0.191119
0.191576
0.191860
0.191622
0.204588
0.224913
0.227123
0.192110
0.211724
0.202270
0.208224
0.190711
0.192727
0.191916
0.234673
0.191493
0.192450
