0.091608
0.032889
0.047550
0.060496
0.040643
0.039623
0.039003
0.039264
0.043475
0.038522
0.038552
0.048173
0.039438
0.038376
0.043742
0.045730
0.052152
0.054191
0.145411
0.123048
0.130111
0.134620
0.137545
0.145885
0.149944
0.154675
0.160913
0.165564
0.174761
0.178294
0.181984
0.188029
0.192300
0.191662
0.193800
0.198964
0.224060
0.191258
0.202950
0.190875
0.191657
0.198068
0.217516
0.228369
0.203476
0.191778
0.193938
0.193973
0.189971
0.193122
0.194598
0.195982
0.190903
0.193063
0.191186
0.192600
0.200842
0.191152
0.192472
0.203555
0.192811
0.198800
0.223366
0.199018
0.191103
0.195405
0.203147
0.191662
0.190976
0.210700
0.193754
0.193770
0.192088
0.215305
0.193969
0.235633
0.193991
0.192275
0.191253
0.193305
0.191965
