0.163009
0.035513
0.037627
0.039068
0.043153
0.038441
0.039514
0.043822
0.041801
0.050407
0.053761
0.048769
0.053021
0.044007
0.202651
0.047855
0.046935
0.050973
0.123305
0.144918
0.218254
0.136657
0.145120
0.153775
0.151882
0.160108
0.181299
0.166714
0.204844
0.183789
0.261384
0.199429
0.216375
0.195243
0.194455
0.195803
0.202955
0.190234
0.192343
0.193844
0.192459
0.190888
0.213193
0.206423
0.254435
0.196748
0.296525
0.192978
0.195993
0.192788
0.296498
0.201202
0.193912
0.266514
0.196027
0.192077
0.199816
0.191317
0.213169
0.217660
0.193714
0.192916
0.211052
0.259606
0.193969
0.199622
0.213664
0.191239
0.192066
0.191735
0.190681
0.197264
0.196419
0.191913
0.192694
0.193490
0.200027
0.192501
0.195375
0.194333
0.195330
0.191430
0.298909
0.204628
0.476007
0.195981
0.192514
0.192401
0.193202
0.194570
0.192677
0.192890
0.202540
0.199988
0.194979
0.193686
0.192661
0.192029
0.194022
0.193004
0.191666
0.197667
0.191709
0.226781
0.193619
0.190316
0.192350
0.196808
0.193519
0.192057
0.192701
0.307801
0.197118
0.195321
0.191952
0.199912
0.194557
0.191707
0.216951
0.201168
0.191013
0.198505
0.223832
0.191215
0.191834
0.222385
0.314936
0.191318
0.192009
0.252965
0.193503
0.274897
0.195298
0.233048
0.192067
0.200801
0.209311
0.457902
0.193113
0.204623
0.280535
0.315356
0.203630
0.196081
0.191808
0.192008
0.192113
0.192864
0.191105
0.191664
0.280794
0.191622
0.202066
0.195334
0.209713
0.191816
0.244567
0.193074
0.191641
0.198292
0.246411
0.215312
0.192998
0.193372
0.193752
0.196296
0.195322
0.268848
0.240885
0.197588
0.199092
0.198369
0.192179
0.192419
0.193836
0.191750
0.196246
0.192982
0.191332
0.192199
0.192276
0.193073
0.198221
0.211195
0.191656
0.197843
0.191547
0.735880
0.201533
