0.088713
0.031125
0.044079
0.041366
0.049307
0.051459
0.050550
0.043452
0.070427
0.050608
0.042347
0.040374
0.041048
0.040854
0.041007
0.047882
0.041305
0.039439
0.120470
0.125775
0.150291
0.134745
0.153715
0.146338
0.149243
0.163149
0.188318
0.167931
0.173203
0.177280
0.181696
0.197967
0.194029
0.190739
0.191654
0.191447
0.212705
0.198727
0.194036
0.197145
0.206158
0.204217
0.197821
0.195634
0.192596
0.194724
0.197373
0.193188
0.195707
0.194619
0.193200
0.194108
0.207075
0.193560
0.194919
0.196976
0.193640
0.195338
0.193877
0.192810
0.211660
0.203764
0.211502
0.192515
0.197200
0.219186
0.192085
0.192762
0.193736
0.193950
0.197146
0.190970
0.192013
0.205220
0.194337
0.192466
0.195332
0.193253
0.208014
0.194192
0.199900
0.191248
0.195891
0.291052
0.194676
0.191679
0.197437
0.217285
0.220459
0.192911
0.193689
0.244758
0.193098
0.191921
0.263530
0.195429
0.205428
0.203546
0.199130
0.192578
0.193097
0.191736
0.193599
0.277140
