0.093153
0.055830
0.052214
0.038635
0.037567
0.037732
0.039508
0.039584
0.040284
0.037901
0.038414
0.038295
0.040519
0.037669
0.042689
0.041069
0.049333
0.053490
0.613338
0.125054
0.133169
0.213441
0.155894
0.145635
0.176165
0.158819
0.163692
0.170326
0.174464
0.177174
0.182941
0.188072
0.191785
0.192034
0.192049
0.201246
0.192800
0.191149
0.206260
0.191589
0.191264
0.225906
0.193642
0.195623
0.196795
0.191951
0.191190
0.196447
0.192698
0.195110
0.298994
0.195361
0.191764
0.191589
0.192553
0.191932
0.195236
0.193679
0.194806
0.191277
0.197837
0.210605
0.190863
0.192147
0.195703
0.191367
0.192919
0.192890
0.193730
0.203434
0.192171
0.192781
0.192161
0.192649
0.192718
0.204426
0.192688
0.193272
0.209210
0.192818
0.193333
0.192049
0.213063
0.205307
0.203607
0.192038
0.205370
0.192302
0.192954
0.191041
0.192156
0.212220
0.214639
0.194845
0.193468
0.219600
0.217171
0.191543
0.193433
0.191751
0.190743
0.191969
0.222256
0.279262
0.193877
0.191900
0.190946
0.236413
0.199114
0.192172
0.260686
0.192909
0.190417
0.195093
0.192827
0.193304
