0.089480
0.030768
0.041245
0.038913
0.049107
0.036537
0.036521
0.039170
0.035846
0.040696
0.038563
0.043462
0.041430
0.062348
0.044868
0.038740
0.039888
0.041924
0.130005
0.124139
0.132503
0.187501
0.139681
0.147257
0.157569
0.163842
0.163136
0.167888
0.173430
0.177368
0.181404
0.203025
0.193853
0.192010
0.191069
0.190033
0.191491
0.196872
0.193353
0.195013
0.195857
0.191629
0.193675
0.227218
0.196111
0.196352
0.209803
0.190439
0.227309
0.234331
0.200310
0.192981
0.192505
0.222432
0.191023
0.192353
0.196521
0.201599
0.250027
0.192548
0.192262
0.221286
0.198428
0.226989
0.363386
0.201375
0.193696
0.193214
0.190983
0.191984
0.192390
0.202888
0.220071
0.192438
0.192500
0.191328
0.191366
0.215080
0.192091
0.191892
0.191490
0.196799
0.197229
0.192341
0.204681
0.190867
0.191278
0.234044
0.191235
0.191213
0.191241
0.192196
0.191482
0.206386
0.204034
0.192895
0.191386
0.219613
0.193546
0.192972
0.190684
0.190808
0.191040
0.191741
0.190900
0.191106
0.190204
0.193743
0.192600
0.191532
0.207657
0.191520
0.194855
0.469163
0.392196
0.296649
0.192484
0.311751
0.333385
0.197152
0.334822
0.197156
0.414849
0.425586
0.362682
0.197973
0.197083
0.200478
0.316880
0.405328
0.192182
0.350482
0.346176
0.439976
0.194531
0.338835
0.425930
0.341499
0.387005
0.203223
0.378210
0.215283
0.327291
0.345643
0.197886
0.196678
0.204900
0.197597
0.331252
0.196447
0.298654
0.309102
0.332929
0.307467
0.194497
0.312852
0.345259
0.339710
0.345230
0.327092
0.195982
0.198317
0.303252
0.328329
0.231290
0.209613
0.420099
0.198097
0.342669
0.196265
0.195660
0.350420
0.196133
0.197556
0.201397
0.197474
0.332862
0.319172
0.341208
0.322847
0.322860
0.334698
