0.313587
0.030408
0.040512
0.039773
0.277399
0.036582
0.292255
0.038058
0.259398
0.036077
0.037265
0.037958
0.040057
0.238881
0.042359
0.286418
0.040034
0.284085
0.294972
0.308906
0.284457
0.361505
0.381728
0.353660
0.301535
0.340277
0.433629
0.349494
0.404692
0.413806
0.185493
0.359036
0.355046
0.198221
0.363566
0.194912
0.357862
0.195883
0.195138
0.197207
0.204742
0.338990
0.214524
0.196017
0.195352
0.293060
0.381742
0.385324
0.294429
0.477255
0.301279
0.202948
0.309454
0.438665
0.330084
0.326744
0.309502
0.198252
0.387085
0.325031
0.313821
0.198376
0.332359
0.203181
0.328890
0.298690
0.198508
0.202232
0.299606
0.291293
0.309829
0.307839
0.303566
0.292352
0.281990
0.200115
0.337439
0.203898
0.554427
0.484397
0.197743
0.196627
0.421115
0.196758
0.358528
0.439312
0.206436
0.520737
0.198484
0.201396
0.267950
0.195751
0.197356
0.374197
0.200382
0.396566
0.198402
0.449825
0.335717
0.196908
0.347518
