0.079636
0.307894
0.060331
0.336765
0.311907
0.077174
0.038606
0.247218
0.039772
0.228328
0.039940
0.219929
0.038335
0.039125
0.045441
0.044447
0.050606
0.054343
0.151560
0.123234
0.139382
0.135632
0.138153
0.146543
0.150105
0.155782
0.162584
0.166792
0.190089
0.185656
0.196512
0.187575
0.198878
0.194975
0.193400
0.210422
0.191068
0.190701
0.195408
0.192236
0.191028
0.193328
0.193241
0.207092
0.190370
0.191800
0.190657
0.193387
0.190153
0.190917
0.200739
0.191018
0.191870
0.191899
0.191402
0.199329
0.193075
0.191503
0.191828
0.191596
0.191734
0.192145
0.190808
0.215223
0.191614
0.191040
0.190911
0.191817
0.191549
0.191247
0.192417
0.192329
0.193499
0.194381
0.191737
0.190709
0.192580
0.193832
0.462100
0.191832
0.192663
0.191707
0.191582
0.190645
