0.137031
0.040142
0.037183
0.036262
0.035960
0.034833
0.038017
0.039635
0.051471
0.047528
0.035513
0.044709
0.038726
0.034817
0.043181
0.036873
0.037756
0.039077
0.140539
0.253480
0.131267
0.134029
0.136930
0.150453
0.147390
0.154023
0.161628
0.164532
0.171915
0.175359
0.180429
0.184635
0.190986
0.201461
0.191262
0.212487
0.189803
0.190940
0.191564
0.192871
0.192603
0.191264
0.190653
0.190850
0.190726
0.191561
0.189472
0.199470
0.191918
0.205695
0.190003
0.220605
0.376109
0.382625
0.238118
0.191593
0.190713
0.276418
0.208213
0.315081
0.193358
0.191502
0.189964
0.193941
0.191101
0.202094
0.190553
0.192036
0.194983
0.191445
0.190475
0.190831
0.189696
0.189168
0.191420
0.190497
0.193594
0.191566
0.198667
0.193938
0.190194
0.189616
0.189960
0.190248
0.190723
0.191067
0.192058
0.190773
0.190850
0.189491
0.198328
0.192369
0.192238
0.191830
