0.075338
0.025220
0.032854
0.030755
0.030809
0.039889
0.031557
0.031297
0.037671
0.031239
0.029616
0.032352
0.034636
0.032946
0.034679
0.037936
0.036186
0.037815
0.118011
0.122753
0.133507
0.133636
0.159541
0.160190
0.149824
0.153811
0.160987
0.187216
0.170527
0.175954
0.180095
0.186028
0.193487
0.190311
0.189978
0.191598
0.189891
0.227128
0.191253
0.190963
0.191409
0.191284
0.191232
0.192736
0.190290
0.191029
0.188552
0.189988
0.190023
0.196592
0.189029
0.189869
0.189646
0.189150
0.188932
0.189950
0.189050
0.189601
