0.083068
0.030720
0.037678
0.043257
0.039385
0.038892
0.047529
0.040951
0.043678
0.038291
0.039250
0.036053
0.065920
0.038893
0.038600
0.040078
0.037216
0.038980
0.119440
0.122763
0.131601
0.134762
0.139726
0.146493
0.148737
0.161180
0.170873
0.166218
0.219388
0.209587
0.182350
0.186356
0.192327
0.192297
0.469363
0.192259
0.199244
0.199085
0.191947
0.192118
0.197006
0.191180
0.189776
0.191788
0.193143
0.192160
0.192308
0.194773
0.191384
0.191679
0.191907
0.191306
0.190950
0.191927
0.191363
0.192309
0.190187
0.191957
0.191323
0.191556
0.191173
0.195116
0.191370
0.196507
0.191139
0.191378
0.191612
0.192183
0.192681
0.191546
0.191208
0.299724
0.286656
0.205231
0.259991
0.227084
0.246493
0.268355
0.190120
0.277682
0.206882
0.260138
0.250200
0.240394
0.259713
0.202217
0.303050
0.195503
0.265208
0.245526
0.242676
0.204371
0.235623
0.208080
0.257573
0.202080
0.253388
0.238931
0.197362
0.329509
0.261966
