0.241505
0.234806
0.036260
0.237227
0.041804
0.213422
0.038259
0.237647
0.038896
0.279474
0.038527
0.175409
0.040389
0.227657
0.215980
0.044061
0.274218
0.042496
0.144669
0.273162
0.280728
0.272745
0.267662
0.241592
0.204219
0.260634
0.240824
0.269730
0.251707
0.184149
0.186503
0.302854
0.266551
0.266308
0.274967
0.301025
0.246295
0.198539
0.258306
0.258886
0.296655
0.235545
0.397308
0.198686
0.269319
0.277820
0.262961
0.251579
0.274657
0.203644
0.199200
0.199939
0.270821
0.234799
0.194283
0.206071
0.293885
0.197442
0.199781
0.194309
0.196601
0.301650
0.289234
0.208018
0.267129
0.248321
0.274894
0.241492
0.271762
0.196727
0.191348
0.190885
0.191505
0.190796
0.190844
0.190375
0.191140
0.191567
0.190784
0.191417
0.229011
0.200917
0.190780
0.189654
0.190937
0.190504
0.190101
0.190250
0.190365
0.191499
0.194721
0.191775
0.190389
0.190690
0.191089
0.196093
0.191582
0.190961
0.190827
0.193307
0.191030
0.190846
