0.071029
0.026209
0.031516
0.032651
0.030852
0.030354
0.031134
0.033237
0.032862
0.031923
0.031007
0.031738
0.032402
0.033178
0.035074
0.035068
0.036424
0.037313
0.119679
0.121897
0.128424
0.132649
0.135925
0.144078
0.147018
0.152227
0.161344
0.164638
0.168456
0.174936
0.178926
0.184064
0.191574
0.190588
0.191007
0.191345
0.189929
0.191670
0.190032
0.191493
0.189881
0.189995
0.189567
0.188983
0.190989
0.191153
0.190339
0.190276
0.189838
0.190207
0.190805
0.190540
0.190662
0.191813
0.189891
0.189941
0.191558
0.189276
0.189514
0.190367
0.189653
0.188708
0.189710
0.190148
0.191016
0.188995
0.190973
0.190526
0.189784
0.190602
0.189313
0.190261
0.189824
0.190948
0.191548
0.188864
0.190759
0.206747
