0.066360
0.037611
0.030944
0.031966
0.030726
0.030251
0.031584
0.030226
0.030936
0.031637
0.033094
0.034384
0.032605
0.032848
0.034891
0.044806
0.037077
0.037839
0.117008
0.120563
0.129717
0.133814
0.137785
0.143940
0.148464
0.152259
0.159981
0.165035
0.169247
0.174524
0.177735
0.184025
0.190297
0.190107
0.188457
0.188967
0.189497
0.195367
0.190659
0.191117
0.188954
0.189000
0.189883
0.188064
0.188677
0.189264
0.189780
0.189654
0.188971
0.188422
0.188506
0.189901
0.189617
0.188054
0.191004
0.189161
0.188143
0.188743
0.189414
0.188691
0.189075
0.188856
0.190800
0.191295
0.190882
0.189819
0.188798
0.189328
0.188193
0.189536
0.189203
0.190767
0.189022
0.187822
0.189528
0.189123
0.189708
0.189945
0.190163
0.189352
0.189694
0.189774
0.189360
0.190136
0.190012
0.188372
0.191006
0.192007
0.188714
0.189036
0.189403
0.189146
0.189328
0.189283
0.190158
0.188500
0.188801
