0.106852
0.032284
0.039053
0.039814
0.039978
0.063070
0.040325
0.037627
0.038147
0.038049
0.040085
0.038657
0.038165
0.037905
0.037955
0.041728
0.041633
0.040164
0.122111
0.123895
0.131256
0.135048
0.138679
0.145900
0.149449
0.154587
0.161250
0.166794
0.171175
0.177902
0.181336
0.185980
0.191603
0.192457
0.193486
0.194010
0.191270
0.191332
0.191371
0.192209
0.193535
0.191674
0.193326
0.191242
0.191528
0.191526
0.212835
0.201677
0.192813
0.191487
0.191586
0.192221
0.193232
0.194934
0.192603
0.193447
0.193203
0.190068
0.190695
0.192221
0.193645
0.195121
0.192481
0.192673
0.191442
0.191806
0.191157
0.220127
0.190563
0.192086
0.192019
0.192096
0.191602
0.193284
0.190817
0.191238
0.191524
0.192990
0.191539
0.191521
0.192143
0.191652
0.191148
0.191562
0.191034
0.191841
