0.092946
0.030638
0.054750
0.040322
0.039155
0.039422
0.037693
0.036951
0.037498
0.037297
0.036329
0.043501
0.041030
0.038091
0.043917
0.038397
0.039868
0.040648
0.123106
0.122982
0.132144
0.133514
0.138717
0.148324
0.150274
0.155819
0.164057
0.176851
0.171993
0.177860
0.181850
0.188225
0.190787
0.190828
0.191344
0.192021
0.192765
0.193099
0.202793
0.191240
0.191354
0.194447
0.192980
0.193464
0.202206
0.194145
0.192710
0.216639
0.194165
0.191311
0.191330
0.204264
0.191459
0.199049
0.194158
0.191941
0.192338
0.193227
0.192296
0.191515
0.191253
0.192977
0.203433
0.195370
0.192411
0.192322
0.191375
0.193367
0.191153
0.194599
0.190837
0.191658
0.191823
0.193148
0.191928
0.193994
0.191040
0.212255
0.354178
0.320863
0.200499
0.207385
0.200090
0.192126
0.203460
0.191776
0.191575
0.191875
0.191674
0.190606
0.192449
0.193283
0.210313
0.190825
0.192438
0.213689
0.191585
0.191078
0.190946
0.192249
0.193509
0.190605
0.191945
0.194439
0.191377
0.191824
0.193633
0.190904
0.190631
0.191811
0.192544
0.200995
0.194801
0.192690
0.204698
0.189856
0.191785
0.191043
0.193400
0.192011
0.193063
0.191219
0.190586
0.190969
0.191421
0.191383
0.193912
0.191276
0.191741
0.194445
0.191804
