0.074151
0.026473
0.035487
0.043704
0.033984
0.047414
0.033686
0.034920
0.034100
0.034977
0.033872
0.034915
0.033289
0.034209
0.034579
0.037211
0.037694
0.038296
0.120140
0.121633
0.129094
0.133673
0.137916
0.144801
0.148030
0.154121
0.161798
0.165509
0.171980
0.175582
0.180102
0.185040
0.192175
0.190855
0.191512
0.191357
0.191154
0.192267
0.190447
0.216280
0.189193
0.191188
0.189243
0.190976
0.189271
0.190220
0.189283
0.190285
0.190133
0.190293
0.190327
0.190412
0.189716
0.189608
0.190256
0.189814
0.190434
0.189627
0.190881
0.189925
0.189317
0.191267
0.190337
0.193039
0.189795
0.190896
0.191816
0.192677
0.190107
0.190680
0.191304
0.190372
0.191123
0.191000
0.189062
0.189294
0.189963
0.190230
0.192158
0.189772
0.190325
0.191099
0.191718
0.190520
0.191722
0.189637
0.191413
0.190794
0.190915
0.190405
0.195298
0.196718
0.190574
0.190272
0.189728
0.190536
0.190470
0.192415
0.190706
0.190145
0.190981
0.190531
0.191017
0.193048
0.190604
0.191759
0.189832
0.212987
0.191135
0.190475
0.190100
0.189957
0.190609
0.189408
0.189449
0.189040
0.189039
0.196472
0.189071
0.189973
0.189124
0.189674
0.190834
0.189830
0.189220
0.190373
0.191423
0.190249
0.192395
0.190689
0.190417
0.193085
0.191002
0.190853
0.190440
0.189382
0.189121
0.188792
0.190006
0.190327
0.191270
0.190266
0.189914
0.188902
0.190000
0.189948
0.189501
0.189231
0.189355
0.197110
0.188977
0.189132
0.189723
0.189960
0.189903
0.189838
0.188747
0.188634
0.188819
0.190269
0.190319
0.190547
0.189150
0.190654
0.188489
0.189681
0.189376
0.188400
0.189531
0.189918
0.189353
0.189062
0.190051
0.189223
0.189606
0.189685
0.189712
0.188896
0.190664
0.200724
0.189338
0.190515
