0.082063
0.029680
0.042015
0.041361
0.038658
0.036540
0.041022
0.037108
0.040264
0.040817
0.038174
0.038430
0.059912
0.036894
0.038321
0.038985
0.051506
0.062716
0.120211
0.123253
0.150362
0.133492
0.162135
0.146988
0.151044
0.156258
0.162591
0.168410
0.171272
0.174839
0.180043
0.186538
0.196322
0.219148
0.191331
0.195932
0.213773
0.191101
0.191056
0.196952
0.191178
0.191605
0.223473
0.194040
0.191692
0.232192
0.192482
0.192796
0.191941
0.204334
0.193518
0.192165
0.201980
0.191956
0.189887
0.191797
0.191282
0.191616
0.192743
0.195781
0.194770
0.193086
0.191337
0.204007
0.192454
0.190625
0.202705
0.190774
0.192430
0.194142
0.212042
0.192400
0.203610
0.202170
0.193296
0.191010
0.201864
0.191637
0.193985
0.192630
0.191798
0.190983
0.192545
0.192447
0.192369
0.205856
0.193365
0.190494
0.191544
0.191366
0.220119
0.193737
0.191273
0.192417
0.191752
0.215477
0.191386
0.192201
0.191318
0.191402
0.192298
0.193413
0.191538
0.211785
0.190924
0.191179
0.192542
0.193855
0.193952
0.191441
0.199538
0.190854
0.191430
0.201881
0.191159
0.192541
0.191984
0.192155
0.190139
0.194952
0.190778
0.193689
0.191409
0.199612
0.191112
0.191605
0.191033
0.195270
0.191321
0.191257
0.191220
0.191078
0.190383
0.190247
0.192470
0.190490
0.190099
0.193007
0.192231
0.189995
0.202615
0.193102
0.191085
0.191374
0.194945
0.191697
0.191593
0.192317
0.191949
0.191368
0.191566
0.191497
0.192392
0.191787
0.197069
0.201365
0.195664
0.193975
0.192639
0.193071
0.191813
0.191278
0.191656
0.191419
0.191482
0.191444
0.191433
0.193226
0.191919
0.190355
0.194447
0.191519
