0.064590
0.038584
0.049204
0.036641
0.034863
0.032888
0.031373
0.063215
0.041121
0.033100
0.034757
0.032181
0.033386
0.044847
0.034719
0.037870
0.038923
0.038280
0.118344
0.122113
0.130186
0.133508
0.136993
0.145699
0.147506
0.151806
0.159443
0.164771
0.169402
0.174143
0.178782
0.183934
0.189506
0.188874
0.190491
0.189523
0.189900
0.189025
0.191008
0.188900
0.190206
0.189112
0.190614
0.191802
0.201533
0.190507
0.189667
0.189559
0.190769
0.188832
0.190053
0.190080
0.189142
0.188770
0.188372
0.190518
0.189584
0.192163
0.188319
0.188826
0.188845
0.187849
0.189493
0.190153
0.189984
0.189321
0.188890
0.189023
0.189315
0.190554
0.190616
0.190089
0.188418
0.189191
0.194080
0.189765
0.190133
0.190048
0.189270
0.208983
0.191377
0.190190
0.189595
0.189521
0.189778
0.189491
0.189730
0.188928
0.192609
0.191468
0.190031
0.189086
0.198110
0.190735
0.188421
0.188514
0.188362
0.191889
0.188825
0.189340
0.189319
0.207976
0.189597
0.189484
0.204933
0.188963
0.190017
0.189742
0.189254
0.189350
0.189945
0.189004
0.189500
0.188573
0.189971
0.190635
0.190006
0.190551
0.188829
0.190453
0.197640
0.194580
