0.077434
0.024326
0.031699
0.031516
0.030781
0.034197
0.037510
0.037123
0.032454
0.033748
0.031390
0.031540
0.033369
0.033797
0.035580
0.035679
0.036169
0.036880
0.117322
0.121531
0.129520
0.133361
0.137558
0.148253
0.148769
0.152636
0.160433
0.179909
0.172359
0.177040
0.179009
0.184494
0.189542
0.188858
0.188874
0.189171
0.193004
0.189858
0.189979
0.190349
0.188575
0.188674
0.189812
0.189265
0.192193
0.189795
0.189964
0.189078
0.189574
0.189788
0.190860
0.189118
0.190609
0.190489
0.189087
0.190744
0.191691
0.190543
0.188781
0.190587
0.189874
0.188724
0.189233
0.192481
0.188802
0.192488
0.190241
0.189154
0.188943
0.188525
0.190356
0.189179
0.192527
0.189893
0.190345
0.191765
0.188593
0.189494
0.190113
0.188300
0.189944
0.189424
0.191168
0.188677
0.194019
0.189795
0.189159
0.190036
0.190194
0.189166
0.189861
0.190319
0.191982
0.191118
0.188227
0.191104
0.212301
0.190289
0.190936
0.189721
0.190409
0.191126
0.190426
0.188844
0.188561
0.189654
0.190595
0.189885
0.188655
0.206031
0.188695
0.191204
0.188888
0.191873
0.188459
0.190650
0.188369
0.190461
0.189152
0.189484
0.188827
0.190964
0.188901
0.189402
0.190280
0.188871
0.188377
0.189373
0.189211
0.189950
0.189617
0.190066
0.189372
0.188917
0.188923
0.190788
0.190752
0.188792
0.189626
0.189416
0.189739
0.188758
0.191001
0.188884
0.189449
0.189394
0.188787
0.189790
0.190134
0.190292
0.192550
0.212606
0.189870
0.190844
0.189648
0.191537
0.202392
0.188986
0.189931
0.189399
0.191040
0.189621
0.189179
0.189267
0.189744
0.191019
0.189276
0.191010
0.189884
0.189729
0.189777
0.191194
0.190224
0.189108
0.190300
0.191087
0.197413
0.190580
0.203941
0.199531
0.193066
0.189799
0.188841
0.192035
0.192434
0.195435
