0.111460
0.031955
0.040207
0.041526
0.037641
0.039347
0.037529
0.037347
0.037739
0.041628
0.037505
0.041545
0.037356
0.039417
0.039533
0.069415
0.039080
0.039768
0.122012
0.154248
0.131481
0.148603
0.139502
0.187729
0.149242
0.155413
0.161734
0.165297
0.171462
0.176189
0.181221
0.186391
0.218307
0.191701
0.191628
0.205170
0.192469
0.191615
0.191818
0.191270
0.192328
0.192103
0.192855
0.190889
0.191675
0.192172
0.191485
0.191222
0.189939
0.191351
0.192457
0.192118
0.190804
0.190934
0.193335
0.193159
0.193036
0.191573
0.191838
0.192847
0.191804
0.204494
0.191697
0.208465
0.190987
0.191979
0.193428
0.191815
0.191790
0.191584
0.194184
0.205937
0.190992
0.191429
0.191616
0.193696
0.192270
0.192472
0.191036
0.195355
0.191138
0.190720
0.197653
0.191568
0.190968
0.191857
0.190331
0.194950
0.193559
0.197146
0.190646
0.191901
0.189248
0.190236
0.190433
0.190166
0.190818
0.192581
0.190572
0.190951
0.191993
0.191509
0.190573
0.190844
0.193355
0.191549
0.190269
0.191436
0.190946
0.193403
0.189951
0.190943
0.191467
0.193568
0.191906
0.203226
0.191393
0.193300
0.207122
0.195029
0.193085
0.191751
