0.068259
0.034837
0.037360
0.035085
0.034643
0.035851
0.034106
0.035104
0.039027
0.035610
0.035256
0.039890
0.037657
0.036192
0.036096
0.038581
0.050072
0.039669
0.119893
0.123057
0.129840
0.133635
0.138791
0.145891
0.148554
0.154508
0.163209
0.167238
0.172058
0.173874
0.180293
0.190212
0.191112
0.191706
0.190247
0.190624
0.190448
0.194473
0.201288
0.191674
0.191183
0.191602
0.190302
0.191118
0.195923
0.219031
0.193453
0.200036
0.191265
0.191261
0.191514
0.190640
0.190131
0.191497
0.190730
0.190148
0.196934
0.189488
0.189332
0.189263
0.188798
0.190372
0.192919
0.190149
0.190140
0.189097
0.191292
0.190106
0.191400
0.191933
0.190057
0.189553
0.189395
0.190073
0.190733
0.192689
0.190235
0.191297
0.191403
0.191221
0.191024
0.190504
0.191175
0.191811
0.192207
0.191665
0.191440
0.193607
0.190678
0.191238
0.191512
0.190985
0.190188
0.189971
0.192476
0.227443
0.190496
0.191254
0.190675
0.191090
0.190937
0.193728
0.191607
0.191087
0.190398
0.191591
0.191846
0.191117
0.193919
