0.131124
0.058877
0.052364
0.039205
0.048780
0.051667
0.042275
0.036950
0.062229
0.042657
0.038257
0.038787
0.043145
0.039207
0.038588
0.069053
0.038848
0.041714
0.119174
0.127666
0.131596
0.153411
0.140515
0.147689
0.149068
0.153744
0.161016
0.167987
0.170923
0.175333
0.180495
0.186405
0.191480
0.190989
0.191105
0.192343
0.190907
0.190856
0.190584
0.191341
0.191947
0.190170
0.192112
0.194057
0.191154
0.191726
0.191768
0.190626
0.190845
0.197734
0.192571
0.195130
0.206147
0.194229
0.192132
0.194055
0.190880
0.192289
0.191953
0.192245
0.203417
0.193637
0.191464
0.191839
0.193461
0.192545
0.198799
0.215556
0.192464
0.191978
0.191029
0.192273
0.191207
0.193517
0.193271
0.195707
0.192154
0.192991
0.190604
0.191325
0.191885
0.191120
0.191651
0.192487
0.220817
0.192721
0.191670
0.191303
0.191917
0.193263
0.190418
