0.134481
0.027489
0.036233
0.047280
0.117130
0.036637
0.041601
0.037099
0.063200
0.052516
0.039052
0.034557
0.046867
0.038990
0.036649
0.037686
0.042306
0.037772
0.119467
0.126846
0.134716
0.133927
0.149462
0.145964
0.148006
0.153798
0.161597
0.164154
0.172400
0.174350
0.180031
0.202487
0.191970
0.211377
0.190672
0.192111
0.202604
0.191035
0.190537
0.190480
0.191263
0.189245
0.189924
0.190970
0.190297
0.190505
0.189688
0.190133
0.190304
0.191698
0.190570
0.190542
0.190870
0.189669
0.190616
0.190828
0.190941
0.190728
0.190525
0.190500
0.192541
0.191135
0.191305
0.189497
0.189929
0.191597
0.190603
0.190406
0.190673
0.206279
0.191540
0.190744
0.191436
0.194154
0.190853
0.190495
0.219766
0.191673
0.191539
0.190287
0.189319
0.190735
0.191074
0.192270
0.190553
0.190355
0.199777
0.191783
0.191695
0.193954
0.194124
0.209182
0.204257
0.190846
0.221824
0.190730
0.190555
0.191943
0.193693
0.215013
0.315563
