0.102436
0.037738
0.034824
0.047885
0.033231
0.033675
0.031613
0.031379
0.034463
0.031160
0.032713
0.033015
0.032336
0.036662
0.037687
0.037549
0.036757
0.038123
0.126748
0.123224
0.129673
0.132909
0.135989
0.144851
0.146721
0.153124
0.160501
0.163206
0.168389
0.173181
0.179773
0.185138
0.225183
0.190650
0.216246
0.804471
0.190698
0.191562
0.206947
0.195180
0.194180
0.204338
0.211361
0.295939
0.720445
0.382474
0.193719
0.227328
0.428006
0.201651
0.191124
0.191062
0.192781
0.200568
0.189854
0.195719
0.195559
0.190342
0.196146
0.191664
0.191942
0.197587
0.313368
0.311728
0.200474
0.343004
0.214908
0.197096
0.204016
0.192516
0.219134
0.327554
0.221044
0.199529
0.195899
0.270995
0.204363
0.274718
0.231220
0.255162
0.196933
0.286465
0.195060
0.263257
0.291349
0.292638
0.281589
0.304150
0.273825
