0.222995
0.045302
0.262406
0.037532
0.164934
0.045721
0.037657
0.198462
0.034364
0.243956
0.034241
0.227916
0.036764
0.249459
0.263023
0.039631
0.050053
0.266954
0.233664
0.262199
0.269715
0.308112
0.237725
0.242357
0.155481
0.161552
0.165816
0.170028
0.277786
0.181712
0.312555
0.200625
0.201666
0.198848
0.246238
0.218714
0.192035
0.262336
0.199666
0.197851
0.211296
0.204255
0.246142
0.251189
0.207424
0.198740
0.199985
0.257625
0.229113
0.218717
0.290902
0.384065
0.310620
0.196750
0.198092
0.291100
0.341206
0.257567
0.202622
0.247582
0.243895
0.324408
0.199448
0.274600
0.196735
0.213858
0.196707
0.195339
0.303749
0.348818
0.270607
0.257501
0.249249
0.198013
0.223088
0.249076
0.215691
0.193678
0.258914
0.196676
0.203786
0.198264
0.266058
0.199228
0.272556
0.235850
0.200548
0.202847
0.243369
0.199488
0.221509
0.246185
0.239933
0.220977
0.197239
0.200507
0.197170
0.202993
0.213961
0.215393
0.191804
0.195809
0.204079
0.230275
0.248036
0.197185
0.191673
0.241036
0.267648
0.215992
0.252082
0.223344
0.265341
0.198254
0.261002
0.210596
0.238779
0.198333
0.268239
0.195986
0.254715
0.266300
0.195822
0.197471
0.257075
0.345023
0.191502
0.236164
0.244090
0.193774
0.200680
0.235040
0.238942
0.196333
0.189963
0.191956
0.190554
0.204677
0.190698
0.195436
0.194299
0.191325
0.191358
0.192047
0.191300
0.190329
0.191735
0.190448
0.190655
0.190009
0.189834
0.191204
0.191625
0.191568
0.191236
0.207967
0.193815
0.212288
0.447199
0.190328
0.204824
0.191786
0.190984
0.206517
0.192137
0.193204
0.224866
0.197089
0.191390
0.192676
0.191572
0.217798
0.191026
0.190803
0.208606
0.198522
0.191045
0.191175
0.189761
0.191379
0.194501
0.190639
0.191600
0.190757
0.191624
0.190350
0.191516
0.190360
0.190980
0.191097
0.190775
0.192500
0.191368
0.190378
0.191186
0.190731
0.190848
0.190992
0.192007
0.193210
0.190678
0.195310
0.192879
0.190966
0.194525
