0.080470
0.024455
0.044990
0.038221
0.034764
0.051828
0.032166
0.030362
0.057435
0.036939
0.033969
0.032005
0.047290
0.034571
0.034994
0.036117
0.035814
0.040511
0.118245
0.120819
0.130348
0.324536
0.138053
0.146186
0.148378
0.154575
0.160642
0.164938
0.192526
0.176888
0.193915
0.184038
0.189105
0.189309
0.191331
0.190344
0.189955
0.190150
0.195551
0.191070
0.190115
0.190584
0.189672
0.189139
0.189172
0.191256
0.191689
0.190420
0.189320
0.191499
0.190922
0.190995
0.189739
0.191097
0.189619
0.189693
0.188660
0.189504
0.190558
0.190794
0.190187
0.210649
0.189024
0.188876
0.188980
0.189732
0.190614
0.190384
0.190300
0.192669
0.191600
