0.103676
0.024279
0.030327
0.030902
0.027974
0.045379
0.026623
0.026025
0.026540
0.025899
0.058684
0.028613
0.045350
0.029714
0.028984
0.046981
0.030418
0.034193
0.026246
0.029526
0.200284
0.067676
0.031665
0.025904
0.026505
0.239794
0.025887
0.024498
0.025915
0.026812
0.282553
0.037665
0.031455
0.026189
0.030114
0.301641
0.031399
0.029222
0.036489
0.027859
0.299995
0.026827
0.026879
0.026920
0.042326
0.303719
0.037065
0.030423
0.036690
0.028741
0.301411
0.026324
0.026850
0.050554
0.029237
0.299793
0.030320
0.054599
0.025187
0.026807
0.299242
0.026375
0.029964
0.065674
0.025566
0.301034
0.026352
0.051751
0.026865
0.025573
0.299617
0.033644
0.026567
0.037755
0.027723
0.298610
0.026193
0.030718
0.026857
0.028425
0.300821
0.028231
0.027170
0.035106
0.059605
0.301113
0.028788
0.028036
0.027227
0.026677
0.300926
0.036023
