2.180239
0.033109
0.032458
0.036067
0.034985
0.041223
0.041865
0.039499
0.045550
0.050336
0.069905
0.040441
0.036722
0.035681
0.054806
0.097987
0.038100
0.049434
0.033987
0.043348
0.233911
0.046028
0.051835
0.034362
0.032992
0.298249
0.051408
0.030381
0.031477
0.047050
0.310173
0.047318
0.033573
0.034900
0.034432
0.315732
0.032309
0.050615
0.039864
0.034709
0.302230
0.031767
0.034811
0.033676
0.073169
0.302131
0.035288
0.035231
0.031713
0.049032
0.310236
0.037322
0.038788
0.035972
0.041257
0.301648
0.031776
0.042269
0.049196
0.037246
0.303092
0.036628
0.034508
0.033223
0.037613
0.302507
0.031487
0.031521
0.032502
0.039972
0.302554
0.032583
0.038104
0.032716
0.041690
0.301842
0.039738
0.056655
0.032099
0.041945
0.300398
0.032485
0.034193
0.036886
0.037786
0.302128
0.032851
0.036987
0.062171
0.036389
0.310158
0.066313
0.057776
0.052024
0.039738
0.302456
0.031362
0.032552
0.071304
0.062484
0.299363
0.030633
0.032685
0.033159
0.033720
0.303686
0.032469
0.031540
0.062606
0.049792
0.303694
0.035519
0.032571
0.038959
0.045413
0.300480
0.063624
0.038187
0.033468
0.040414
0.300909
0.051309
0.047780
0.037839
0.032933
0.301739
0.041214
0.033801
0.032163
0.035400
0.300573
0.053146
0.051092
0.033987
0.032507
0.303540
0.033863
0.032990
0.032629
0.033722
0.319484
0.044439
0.032864
0.042715
0.040434
0.302725
0.033635
0.066457
0.032899
0.036204
0.302247
0.035209
0.032400
0.040788
0.033894
0.301446
0.033370
0.034081
0.034934
0.033623
0.301079
0.036320
0.037124
0.069240
0.032504
0.303458
0.032404
0.033850
0.049261
0.043679
0.299749
0.047028
0.033079
0.034006
0.058442
0.312835
0.038505
0.037791
0.034554
0.034470
0.320719
0.034167
0.046186
0.032821
0.059406
0.309193
0.039340
0.036644
0.034757
0.036404
0.307569
0.047148
0.038331
0.040078
0.056008
0.308330
0.037896
0.038392
0.064997
0.032646
0.303933
0.042421
