0.082111
0.024324
0.026011
0.028887
0.026974
0.034216
0.024743
0.028986
0.043998
0.025970
0.037552
0.024591
0.025461
0.027884
0.041737
0.043669
0.053551
0.026840
0.026326
0.026449
0.199322
0.025080
0.026083
0.027259
0.039782
0.238871
0.051364
0.027034
0.025894
0.037059
0.280670
0.026110
0.030443
0.025761
0.024663
0.299563
0.027474
0.024886
0.032234
0.031621
0.299891
0.025603
0.027239
0.029926
0.036196
0.324895
0.046031
0.027524
0.045014
0.027236
0.299765
0.025807
0.026579
0.026402
0.025141
0.299462
0.025077
0.056425
0.029471
0.026262
0.298778
0.026352
0.026503
0.050645
0.025548
0.298810
0.144826
0.025994
0.030435
0.027951
0.325987
0.038026
0.076512
0.025241
0.038398
0.299540
0.025961
0.030071
0.027182
0.034549
0.312195
0.028194
0.201061
0.031299
0.026660
0.298594
0.025709
0.027036
0.027560
0.026283
0.335470
0.026223
0.030235
0.026164
0.036435
0.299458
0.027714
0.026294
0.026695
0.051352
0.316615
0.026275
0.026525
0.026167
0.026119
0.300451
0.025376
0.034132
0.026404
0.028811
0.299419
0.025864
0.025513
0.028873
0.028502
0.300913
0.028670
0.133544
0.043317
0.027104
0.300422
0.050883
0.025224
0.028214
0.028151
0.321597
0.028321
0.038037
0.026217
0.026455
0.299280
0.028186
0.027677
0.024746
0.027802
0.301491
0.029781
