0.122374
0.042644
0.033651
0.047098
0.067909
0.044867
0.038951
0.032163
0.038796
0.034756
0.041225
0.036581
0.047162
0.033825
0.037015
0.046485
0.033165
0.045249
0.038951
0.032901
0.212358
0.046217
0.059068
0.033953
0.033651
0.254284
0.043402
0.064721
0.034453
0.034171
0.283593
0.033081
0.031861
0.031721
0.032123
0.313285
0.032858
0.035111
0.048815
0.036146
0.300550
0.031502
0.034936
0.033348
0.041417
0.338745
0.032288
0.040528
0.031130
0.031510
0.300868
0.030385
0.079379
0.029413
0.031967
0.301518
0.034329
0.030454
0.035884
0.041727
0.304541
0.032376
0.078895
0.033029
0.032032
0.303543
0.031244
0.053128
0.034295
0.034547
0.304496
0.033764
0.032795
0.032864
0.049922
0.314479
0.036444
0.033891
0.034470
0.033057
0.391366
0.031299
0.033376
0.044055
0.035162
0.303512
0.038314
0.033017
0.043405
0.033146
0.312775
0.074650
0.036500
0.031356
0.033906
0.304459
0.034349
0.033569
0.046649
0.037652
0.300947
0.033794
