0.111948
0.037359
0.035834
0.031779
0.036422
0.045679
0.031739
0.040357
0.033402
0.031623
0.040690
0.031195
0.045699
0.031986
0.029523
0.049341
0.029745
0.033341
0.052660
0.032980
0.204635
0.035066
0.032609
0.031003
0.030266
0.239316
0.032834
0.029262
0.039025
0.029691
0.282189
0.049724
0.036307
0.033151
0.030263
0.304116
0.031729
0.031603
0.045117
0.049421
0.302651
0.039164
0.038685
0.030836
0.035873
0.302706
0.049529
0.076234
0.035011
0.031060
0.302504
0.031633
0.033720
0.030948
0.050112
0.299928
0.030026
0.034509
0.030765
0.054678
0.303191
0.031398
0.073122
0.030756
0.030832
0.310011
0.044355
0.034264
0.051448
0.031476
