0.183176
0.029335
0.039869
0.031876
0.031411
0.066736
0.030097
0.033495
0.034868
0.032802
0.042041
0.034669
0.035589
0.029762
0.030865
0.046571
0.029346
0.032716
0.034377
0.036100
0.220229
0.029320
0.030348
0.031415
0.030931
0.241892
0.058736
0.033683
0.030818
0.030146
0.281632
0.031753
0.042102
0.029444
0.053181
0.316175
0.030084
0.031181
0.034286
0.031379
0.319823
0.031306
0.031296
0.033268
0.032376
0.301186
0.031348
0.031639
0.038484
0.030674
0.302512
0.033673
0.033130
0.038189
0.028013
0.302612
0.086846
0.029421
0.029570
0.031988
0.300035
0.045815
0.028240
0.049399
0.030515
0.299492
0.030328
0.029845
0.031659
0.045423
0.301094
0.031149
0.057087
0.030800
0.034153
0.303072
0.029556
0.032648
0.031127
0.049060
0.313955
0.042076
0.030660
0.030922
0.042894
0.300791
0.030033
0.051519
0.029701
0.030874
0.300781
0.043569
0.041658
0.030747
0.032475
0.299879
0.032588
0.028895
0.044135
0.031687
0.301379
0.030670
0.030284
0.033815
0.051815
0.305034
0.035545
0.033553
0.036355
0.032834
0.315535
0.032270
0.033151
0.033088
0.032612
0.308642
0.043025
0.035113
