0.084527
0.034979
0.028753
0.028041
0.034634
0.034006
0.026858
0.026015
0.027115
0.025456
0.035616
0.025698
0.037255
0.028788
0.026026
0.044553
0.025990
0.027853
0.050668
0.028362
0.199018
0.029754
0.027045
0.028341
0.026305
0.239922
0.025677
0.037787
0.027914
0.029622
0.285797
0.027256
0.028815
0.025187
0.025774
0.297387
0.038037
0.025610
0.049359
0.026473
0.301336
0.055290
0.030581
0.027754
0.026136
0.297891
0.028431
0.029362
0.033290
0.029059
0.307502
0.031018
0.038093
0.032218
0.033544
0.307803
0.029209
0.031433
0.034811
0.030379
0.301507
0.030699
0.029487
0.031732
0.033709
0.301218
0.030798
0.041428
0.029681
0.028771
0.299973
0.032392
0.031228
0.031951
0.031880
0.300003
0.029410
0.044411
0.035038
0.028749
0.301649
0.042306
0.032599
0.030127
0.030324
0.301498
0.032049
0.031314
0.043244
0.028612
0.322694
0.029647
0.038141
0.049844
0.029180
0.300930
0.028385
0.031293
0.040172
0.033203
0.301019
0.028593
0.030623
0.029383
0.030885
0.303046
0.029422
0.029922
0.030643
0.028989
0.300092
0.029266
0.031532
0.031594
0.032653
0.300288
0.029780
0.032353
0.029020
