0.118600
0.036036
0.030739
0.030246
0.031086
0.042125
0.031705
0.031013
0.033132
0.032794
0.044998
0.032339
0.034001
0.035451
0.041629
0.085188
0.049787
0.099576
0.034643
0.035380
0.213226
0.035482
0.034301
0.036381
0.034315
0.240712
0.035842
0.035007
0.032082
0.049692
0.285960
0.035767
0.043748
0.030315
0.036932
0.303740
0.034248
0.032913
0.035679
0.036703
0.300788
0.031265
0.030669
0.032686
0.032394
0.302006
0.046546
0.037385
0.033726
0.035599
0.329664
0.072881
0.033533
0.032146
0.033056
0.299895
0.031839
0.035376
0.042637
0.031811
0.301076
0.032526
0.033334
0.029235
0.034091
0.341297
0.039047
0.050153
0.035725
0.036653
0.305282
0.034494
0.035245
0.033404
0.032583
0.302724
0.037504
0.040234
0.033458
0.042210
0.301682
0.046237
0.034909
0.040477
0.031978
0.304635
0.034921
0.030966
0.036742
0.034230
0.302517
0.049575
0.034060
0.055187
0.037884
0.302567
0.037090
0.033834
0.063405
0.033371
0.300321
0.035009
0.051825
0.036530
0.032736
0.298726
0.034017
0.047451
0.043293
0.032676
0.300458
0.033026
0.036469
0.034274
0.035014
0.303838
0.032216
0.033545
0.035760
0.037347
0.300259
