0.320331
0.210351
0.034305
0.034645
0.058018
0.043685
0.032264
0.159567
0.036951
0.030755
0.041030
0.316564
0.032973
0.031209
0.030781
0.292570
0.033034
0.031627
0.034733
0.302236
0.437601
0.036583
0.248788
0.033702
0.032331
0.446300
0.030509
0.037823
0.058706
0.161170
0.446830
0.040505
0.358999
0.030033
0.272202
0.428278
0.048425
0.032082
0.029622
0.032257
0.374300
0.029110
0.187747
0.029790
0.402470
0.359663
0.029314
0.029269
0.028475
0.037413
0.380365
0.031764
0.032690
0.175123
0.030956
0.309575
0.028606
0.396711
0.029328
0.030703
0.374312
0.029704
0.030218
0.029730
0.030648
0.398309
0.031646
0.031627
0.059708
0.335852
0.625879
0.028885
0.029728
0.036865
0.028574
0.302922
0.028582
0.028351
0.028244
0.029284
0.301637
0.029597
0.036018
0.030980
0.044353
0.302536
0.028125
0.029566
0.030838
0.028919
0.310559
0.028130
0.027755
0.042833
0.029254
0.300311
0.028807
0.030292
0.028578
0.028487
0.302231
0.029841
0.030174
0.029420
0.028961
0.301081
0.031840
0.030120
0.028864
0.045979
0.298582
0.034929
0.027833
0.029054
0.028912
0.307049
0.028773
0.046231
0.045915
0.028528
0.319151
0.029647
0.034337
0.026875
0.050448
0.300312
0.028337
0.028758
0.029402
0.028634
0.303797
0.043752
0.026520
0.027809
0.028367
0.301236
0.028941
0.029508
0.026534
0.028128
0.300058
0.053161
0.038893
0.028481
0.028144
0.321202
0.028925
0.027762
0.039697
0.027879
0.305019
