0.153373
0.269542
0.039986
0.042620
0.044059
0.049340
0.035551
0.037496
0.042580
0.042883
0.046351
0.042930
0.064726
0.083106
0.034036
0.047046
0.034013
0.032830
0.034273
0.035280
0.200944
0.034657
0.036488
0.036595
0.038156
0.264755
0.057878
0.037011
0.034595
0.035046
0.283088
0.033282
0.044014
0.060549
0.034651
0.302156
0.033749
0.043591
0.033751
0.035620
0.302228
0.033895
0.032682
0.043879
0.033562
0.318660
0.044858
0.039263
0.095302
0.035855
0.306290
0.052435
0.051097
0.045090
0.046176
0.337152
0.053993
0.038973
0.055734
0.039849
0.306355
0.320245
0.040185
0.043818
0.052575
0.369373
0.036664
0.039076
0.048877
0.036228
0.303487
0.052232
0.108986
0.036989
0.037609
0.304805
0.033203
0.040919
0.063916
0.096023
0.300442
0.048241
0.037085
0.034092
0.033457
0.324794
0.171617
0.176568
0.032640
0.176268
0.393823
0.034227
0.292903
0.032186
0.030499
0.300862
0.034323
0.048056
0.252363
0.047166
0.401447
0.359552
0.157984
0.033850
0.052737
0.365039
0.193478
0.036937
0.044780
