0.138149
0.056610
0.033487
0.030855
0.032345
0.044469
0.031209
0.033707
0.034067
0.035016
0.044049
0.033322
0.033453
0.035070
0.036980
0.049735
0.040503
0.039156
0.043092
0.036493
0.203534
0.039786
0.042399
0.036674
0.038437
0.241410
0.042347
0.037305
0.045638
0.037678
0.300189
0.033836
0.034877
0.046433
0.039774
0.310213
0.034956
0.038933
0.040890
0.033911
0.303145
0.033082
0.034570
0.035886
0.044306
0.301421
0.032504
0.032721
0.033897
0.033086
0.320906
0.041503
0.040117
0.046147
0.035062
0.319332
0.047578
0.036801
0.037141
0.042311
0.301983
0.034067
0.035040
0.035951
0.034309
0.303352
0.048567
0.044146
0.036648
0.041324
0.303930
0.036071
0.048809
0.046642
0.036725
0.303535
0.039034
0.035265
0.034005
0.036538
0.302653
0.035873
0.033945
0.038766
0.037578
0.307661
0.033358
0.033203
0.035703
0.037124
0.304210
0.034328
0.035604
0.038560
0.046413
0.301699
0.042629
0.033529
0.030980
0.033955
0.320307
0.031042
0.029766
0.031837
0.030362
0.299809
0.030581
0.031429
0.031122
0.030236
0.300003
0.029364
0.030252
0.031620
0.044691
0.315031
0.060044
0.032084
0.058433
0.042438
0.348031
0.043053
0.056045
0.033357
0.033806
0.313582
0.076764
0.038310
0.091762
0.037667
0.311942
0.059032
0.143928
0.056687
0.123416
0.308791
0.218894
0.046172
0.070790
0.052410
0.362742
0.170988
0.163313
0.047973
0.035044
0.311616
0.064886
0.065696
0.090837
0.032758
0.301205
0.032993
0.036316
0.031090
0.043223
0.306608
0.035517
0.072371
0.037605
0.033978
0.300287
0.033041
0.034085
0.035325
0.033907
0.303000
0.034577
0.034431
0.032753
0.037204
0.301599
0.052648
