0.125612
0.030485
0.061822
0.036569
0.032438
0.045664
0.069307
0.034862
0.035604
0.032808
0.048293
0.076556
0.034656
0.031746
0.031073
0.045895
0.031671
0.033170
0.035096
0.032999
0.200578
0.044573
0.034190
0.035151
0.036615
0.241585
0.034273
0.051425
0.032788
0.032891
0.282730
0.032544
0.032280
0.037671
0.032970
0.315320
0.034148
0.033720
0.051156
0.032063
0.299316
0.058365
0.029943
0.031139
0.035438
0.300597
0.030242
0.030837
0.030927
0.031132
0.301015
0.035497
0.031935
0.033313
0.032022
0.300864
0.033601
0.033033
0.052009
0.032608
0.301586
0.032660
0.033050
0.032115
