0.076367
0.026185
0.026614
0.025518
0.024989
0.032353
0.027786
0.051987
0.024903
0.026045
0.035639
0.024197
0.025276
0.029552
0.025033
0.043369
0.051808
0.025054
0.025925
0.024461
0.198423
0.026840
0.025523
0.031373
0.026012
0.238228
0.039417
0.025663
0.024911
0.026933
0.280376
0.032048
0.026380
0.025419
0.025421
0.298339
0.025482
0.026283
0.081184
0.025724
0.300498
0.028450
0.024723
0.026364
0.027304
0.299777
0.039501
0.025094
0.035471
0.027206
0.298975
0.029899
0.027459
0.027205
0.029842
0.327977
0.027266
0.030017
0.039406
0.026020
0.299712
0.026185
0.027444
0.058062
0.037545
0.299194
0.025457
0.025846
0.026579
0.025200
0.298141
0.025107
0.024364
0.027892
0.026216
0.301253
0.025420
0.031069
0.028805
0.030771
0.301038
0.026204
0.024396
0.024166
0.028674
0.298821
0.025529
0.032894
0.025902
0.030725
0.314259
0.036434
0.030884
0.028962
0.026987
0.299417
0.025762
0.025385
0.025330
0.024863
0.297689
