0.128514
0.030613
0.033274
0.031491
0.030439
0.042413
0.032076
0.029623
0.035313
0.030214
0.037064
0.034940
0.064549
0.030981
0.030915
0.044806
0.031679
0.035407
0.046333
0.032127
0.198864
0.031698
0.030501
0.031822
0.033806
0.239641
0.034744
0.041565
0.031705
0.032740
0.282279
0.030238
0.035169
0.047487
0.031103
0.301721
0.036457
0.032989
0.033016
0.041318
0.300727
0.035872
0.031769
0.031003
0.036413
0.299315
0.032513
0.032053
0.043635
0.029199
0.305109
0.032486
0.036087
0.028894
0.033158
0.300640
0.030890
0.030771
0.029057
0.029592
0.299079
0.035533
0.032609
0.041063
0.031358
0.314578
0.033217
0.031356
0.031085
0.032910
0.300320
0.032898
0.034525
0.031289
0.030374
0.301635
0.030741
0.031124
0.032154
0.035951
0.303162
0.090302
0.032623
0.032230
0.061266
0.302702
0.049006
0.032088
0.069714
0.045893
0.300293
0.033204
0.034259
0.039536
0.031843
0.303450
0.033305
0.035966
0.032495
0.034123
0.307487
0.031513
0.031790
0.031186
0.046960
0.305443
0.037329
0.031925
0.031686
0.042470
0.302517
0.041827
0.034981
0.031279
0.039708
0.325405
0.031443
0.031979
0.031216
0.037163
0.315499
0.031235
0.034091
0.047710
0.031103
0.301032
0.031661
