0.123297
0.031409
0.030966
0.032057
0.032505
0.047822
0.030616
0.031979
0.035524
0.035686
0.045450
0.037042
0.030962
0.031216
0.057156
0.048531
0.032933
0.032228
0.031429
0.032704
0.201926
0.031999
0.031484
0.031564
0.031093
0.241394
0.036298
0.033099
0.033227
0.033514
0.282240
0.034993
0.031070
0.031649
0.034155
0.301174
0.032643
0.031060
0.032142
0.033202
0.301997
0.036632
0.031848
0.031923
0.037269
0.300593
0.032538
0.032499
0.031769
0.033692
0.301629
0.033220
0.030788
0.032171
0.034242
0.321025
0.032092
0.048957
0.031115
0.032075
0.300363
0.036896
0.031531
0.033161
0.030957
0.334098
0.032073
0.031249
0.031657
0.032364
0.299629
0.031771
0.032809
0.036173
0.034604
0.300413
0.030410
0.033626
0.035157
0.030773
0.299940
0.031838
0.030636
