0.117950
0.034104
0.031936
0.032896
0.033074
0.078057
0.032003
0.032700
0.032011
0.036035
0.040421
0.033960
0.032430
0.032150
0.036563
0.045518
0.034881
0.033390
0.035593
0.031036
0.202413
0.034642
0.033315
0.036568
0.031432
0.240248
0.038345
0.035681
0.032463
0.032025
0.282719
0.065955
0.034700
0.032733
0.032496
0.300406
0.033365
0.032601
0.032743
0.043876
0.301106
0.031747
0.035450
0.034140
0.041269
0.301543
0.034000
0.033158
0.034961
0.035254
0.320105
0.033203
0.035950
0.058866
0.045045
0.309738
0.031810
0.100893
0.034281
0.033161
0.301399
0.038328
0.046425
0.031697
0.036409
0.300421
0.033878
0.030485
0.032701
0.032491
0.303386
0.032804
0.044138
0.032422
0.062335
0.300447
0.033054
0.034003
0.033130
0.035204
0.304011
0.061868
0.033214
0.035922
0.032955
0.302627
0.034757
0.032382
0.033753
0.031880
0.300332
0.033782
0.035841
0.031807
0.035484
0.300619
0.033048
0.031687
0.032953
0.030414
0.303527
0.033570
0.032890
0.031960
0.032283
0.300430
0.031606
0.031481
0.031607
0.033403
0.319029
0.032331
0.031826
0.038079
0.033116
0.312833
0.031624
0.031510
0.033830
0.033568
0.300944
0.031154
0.032388
0.032195
0.032565
0.300192
0.033037
