0.102349
0.049433
0.040229
0.032439
0.033484
0.041376
0.040416
0.031397
0.031504
0.034853
0.052822
0.032007
0.041594
0.030868
0.032959
0.047465
0.031305
0.031368
0.032266
0.032200
0.201785
0.035166
0.030990
0.033938
0.032165
0.240124
0.029998
0.030493
0.028799
0.115138
0.306296
0.029389
0.028774
0.028134
0.030332
0.303693
0.029603
0.030035
0.043543
0.030072
0.299644
0.032097
0.029711
0.036301
0.035872
0.302743
0.032619
0.052794
0.032835
0.035052
0.303993
0.032355
0.032882
0.031478
0.031144
0.321186
0.068434
0.035413
0.032420
0.032685
0.300424
0.032992
0.031944
0.032036
0.050330
0.300339
0.045680
0.033470
0.035095
0.033760
0.302928
0.032948
0.031451
0.031019
0.030750
0.301993
0.031445
0.030530
0.030678
0.033869
0.299530
0.031462
0.064473
0.031744
0.038558
0.301366
0.038912
0.032443
0.042209
0.033433
0.304204
0.037059
0.034184
0.031797
0.042214
0.331106
0.048292
0.035937
0.034716
0.034262
0.567892
