0.152035
0.031846
0.263522
0.288467
0.375719
0.063988
0.297843
0.033510
0.218463
0.097767
0.296125
0.231447
0.341751
0.033341
0.033161
0.360945
0.033508
0.325280
0.040030
0.037690
0.296475
0.035169
0.032472
0.503963
0.037592
0.344621
0.227031
0.270321
0.086674
0.101567
0.887003
0.366562
0.122762
0.035785
0.418792
0.467607
0.035394
0.039545
0.035205
0.362510
0.301384
0.379852
0.032673
0.283044
0.035530
0.303977
0.033541
0.302376
0.039008
0.034143
0.331070
0.034333
0.180113
0.035998
0.287334
0.310630
0.300894
0.286152
0.032616
0.033660
0.317781
0.033055
0.031418
0.300088
0.033982
0.345267
0.033165
0.034860
0.308664
0.090555
0.313193
0.238784
0.032380
0.031933
0.052997
0.408983
0.032821
0.033267
0.315356
0.032260
0.365382
0.034282
0.232788
0.033180
0.040021
0.435284
0.031392
0.030148
0.030529
0.265925
0.301553
0.054820
0.339231
