0.089626
0.034960
0.031361
0.295714
0.026406
0.047864
0.034520
0.324599
0.054225
0.311210
0.037883
0.032735
0.318801
0.046604
0.027444
0.324924
0.064063
0.025570
0.025582
0.283145
0.199120
0.354785
0.030442
0.251490
0.046236
0.334284
0.055040
0.082376
0.027344
0.044387
0.382318
0.034936
0.027232
0.027810
0.296137
0.572684
0.027888
0.027344
0.026979
0.026698
0.320240
0.027189
0.025556
0.030545
0.026095
0.349304
0.056544
0.279824
0.026601
0.028099
0.302995
0.331833
0.029881
0.026046
0.026756
0.365983
0.027634
0.055213
0.026914
0.025805
0.299319
