0.143988
0.030997
0.036823
0.034354
0.060895
0.055175
0.032551
0.033230
0.033333
0.047581
0.038617
0.033102
0.035695
0.033767
0.031081
0.044763
0.030709
0.031620
0.030146
0.042692
0.209459
0.031333
0.031727
0.031201
0.030794
0.243385
0.030674
0.034802
0.030911
0.035660
0.281385
0.033646
0.030630
0.072088
0.039070
0.301254
0.029982
0.031343
0.059716
0.031391
0.299935
0.033842
0.030287
0.032054
0.031954
0.300799
0.030690
0.030164
0.031568
0.031138
0.298263
0.031469
0.030959
0.034885
0.030983
0.299491
0.030926
0.031742
0.029763
0.030476
0.300466
0.030108
0.029729
0.043256
0.039521
0.301645
0.039151
0.032538
0.031686
0.042971
0.305311
0.057676
0.031512
0.031083
0.034811
0.301474
0.032574
0.032440
0.036030
0.065997
0.314272
0.040302
0.030744
0.033744
0.036532
0.300186
0.033249
0.044822
0.030359
0.066283
0.299325
0.031700
0.030968
0.028938
0.029610
0.300265
0.038802
0.030653
0.030201
0.040649
0.301472
0.031106
0.032604
0.035647
0.030823
0.309254
0.049228
0.030213
0.032791
0.031354
0.301277
0.030473
0.030641
0.030494
0.030736
0.315511
0.048815
0.032779
0.035470
0.035888
0.299080
0.055604
0.045491
0.032320
0.030056
0.304977
0.031190
0.030468
0.029455
0.035483
0.300559
0.047755
0.031791
0.030956
0.033134
0.300067
0.032303
0.034068
0.034710
0.033438
0.302860
0.063651
0.035354
0.052436
0.034266
0.300321
0.034045
0.038827
0.037195
0.036502
0.304260
0.043589
0.033347
0.034457
0.037040
0.304543
0.062565
0.036933
0.036285
0.032568
0.302649
