0.149412
0.034430
0.034904
0.031558
0.063659
0.044924
0.033502
0.044516
0.046314
0.059637
0.047199
0.041269
0.038531
0.034053
0.066645
0.052432
0.033260
0.053411
0.059813
0.034337
0.201059
0.032982
0.035725
0.034042
0.033459
0.240419
0.034075
0.033946
0.033712
0.033323
0.283733
0.035578
0.033427
0.032183
0.034934
0.311410
0.046818
0.034188
0.034262
0.035956
0.301772
0.038040
0.032982
0.075276
0.033646
0.309576
0.037069
0.034657
0.039401
0.036371
0.305887
0.050216
0.045931
0.032720
0.032800
0.301575
0.038296
0.033493
0.040370
0.033422
0.344781
0.036441
0.041887
0.043358
0.034095
0.305132
0.032907
0.045547
0.057488
0.038027
0.321171
0.031371
0.032578
0.031314
0.035154
0.325623
0.045771
0.035536
0.034035
0.058847
0.302992
0.034176
0.032150
0.032155
0.034209
0.308282
0.035267
0.041195
0.034339
0.034549
0.301977
0.032244
0.044129
0.038372
0.036573
0.300300
0.043173
0.035719
0.034087
0.031907
0.311093
0.042376
0.033813
0.033099
0.035974
0.300275
0.032627
0.032955
0.035736
0.037092
0.299644
0.037075
0.032296
0.032501
0.033062
0.305089
0.033166
0.082231
0.034818
0.034275
0.329231
0.033280
0.031689
0.033179
0.059676
0.312288
0.030322
0.034082
0.033004
0.050375
0.317286
0.034280
