0.122853
0.030894
0.033883
0.032417
0.036804
0.041540
0.031444
0.034940
0.037420
0.056770
0.045698
0.062567
0.036059
0.033036
0.034357
0.063869
0.035004
0.060614
0.033450
0.033137
0.201977
0.058845
0.035213
0.053978
0.033225
0.240631
0.034337
0.032363
0.045440
0.042247
0.283411
0.035062
0.031821
0.046161
0.034022
0.303131
0.035009
0.033696
0.033308
0.034803
0.303884
0.071537
0.047880
0.033224
0.033433
0.300742
0.043350
0.035139
0.031996
0.058643
0.300768
0.035486
0.033602
0.033153
0.034371
0.316431
0.031794
0.032544
0.033889
0.031891
0.300945
0.033321
0.061199
0.038526
0.039385
0.300700
0.032028
0.031873
0.040412
0.031308
0.299658
0.043290
0.032617
0.039174
0.032267
0.301686
0.040155
0.044277
0.033427
0.045006
0.301446
0.034507
0.054235
0.057318
0.035975
0.301316
0.034100
0.036617
0.036868
0.032295
0.308614
0.045518
0.037238
0.032294
0.032165
0.303044
0.036597
0.045742
0.033002
0.034101
0.301639
