0.073148
0.025700
0.025940
0.028846
0.030021
0.041734
0.026459
0.024589
0.033965
0.048757
0.037651
0.053519
0.025816
0.028272
0.034770
0.065557
0.034297
0.054913
0.050158
0.029847
0.200005
0.028686
0.031811
0.028826
0.035907
0.237968
0.035226
0.033717
0.030436
0.028862
0.281764
0.030089
0.031029
0.044444
0.027093
0.300795
0.029585
0.030872
0.030188
0.031001
0.300455
0.036142
0.054510
0.030079
0.031177
0.326883
0.030348
0.036370
0.031735
0.028733
0.300207
0.026618
0.027699
0.046003
0.028032
0.299125
0.065327
0.026328
0.026173
0.042072
0.298607
0.035076
0.026738
0.029818
0.030112
0.299409
0.025837
0.025975
0.025029
0.056595
0.332247
0.030882
0.031184
0.026497
0.040711
0.299521
0.026794
0.028154
0.024945
0.050367
0.299914
0.036409
0.032058
0.026785
0.024904
0.299936
0.077516
0.028370
0.026782
0.026119
0.298576
0.030223
0.028997
0.030486
0.034567
0.311839
0.029082
0.032500
0.028224
0.030401
0.300931
0.052724
0.028458
0.028349
0.029588
0.300738
0.029390
0.032584
0.028830
0.043515
0.326500
0.031092
0.029423
