0.096687
0.029303
0.029380
0.030647
0.031715
0.045149
0.031776
0.031941
0.031161
0.031237
0.040765
0.050163
0.049206
0.047299
0.032205
0.046274
0.030367
0.033139
0.051808
0.032535
0.214740
0.068273
0.031636
0.036942
0.030647
0.260436
0.032798
0.031578
0.032259
0.032826
0.286047
0.032936
0.050415
0.031466
0.031849
0.302599
0.032332
0.035200
0.033225
0.032001
0.302517
0.079623
0.034993
0.032075
0.034480
0.301224
0.030855
0.033154
0.044384
0.032135
0.300956
0.032541
0.036893
0.032837
0.033114
0.299702
0.033376
0.034869
0.051237
0.031972
0.299712
0.032540
0.032763
0.030516
0.046313
0.313488
0.032184
0.028835
0.033473
0.041594
0.300354
0.030473
0.031344
0.030637
0.031009
0.300928
0.030894
0.030150
0.032133
0.029794
0.300281
0.041019
0.034504
0.028967
0.029568
0.299817
