0.099829
0.033025
0.033590
0.044380
0.033653
0.048566
0.035002
0.032195
0.033173
0.034404
0.041708
0.036421
0.067314
0.036607
0.033144
0.045748
0.032321
0.074137
0.047905
0.031991
0.214215
0.061886
0.033190
0.056271
0.036611
0.239767
0.034515
0.036748
0.035656
0.039368
0.282325
0.035340
0.033427
0.036386
0.049909
0.327524
0.038459
0.033840
0.033621
0.038428
0.300516
0.034298
0.050928
0.034110
0.035819
0.300031
0.031835
0.033306
0.031944
0.032380
0.301828
0.036835
0.035742
0.033150
0.033617
0.303266
0.033967
0.066307
0.033626
0.032340
0.320932
0.034041
0.046299
0.033176
0.075722
0.302711
0.037765
0.036457
0.035054
0.033183
0.302267
0.045839
0.052022
0.032375
0.033190
0.303208
0.032420
0.043767
0.056625
0.033956
0.301018
0.035506
0.033498
0.033196
0.046446
0.302660
0.034738
0.043016
0.053622
0.032892
0.302398
0.032232
0.032493
0.032486
0.031633
0.299757
0.035400
0.032717
0.033611
0.032699
0.301647
0.032039
0.033014
0.031234
