0.102390
0.050401
0.033336
0.034430
0.033998
0.040796
0.032753
0.053710
0.032836
0.033065
0.041723
0.031327
0.048759
0.033128
0.056316
0.045516
0.031341
0.033727
0.031315
0.031396
0.200476
0.053140
0.031207
0.032274
0.035327
0.241800
0.032189
0.034405
0.041652
0.048453
0.282612
0.036238
0.033402
0.034670
0.049479
0.332554
0.042556
0.037313
0.052640
0.032354
0.302819
0.033184
0.031210
0.056159
0.041831
0.307464
0.033254
0.033282
0.038449
0.036322
0.301757
0.032999
0.044229
0.032822
0.055584
0.302361
0.033566
0.038036
0.033924
0.031932
0.302020
0.033991
0.044472
0.033370
0.031731
0.302830
0.033046
0.032396
0.034186
0.049160
0.316191
0.034292
0.032799
0.033408
0.032998
0.301432
0.033396
0.034880
0.033556
0.033455
0.301935
0.031748
0.031809
0.032669
0.056200
0.301464
0.032319
0.035987
0.031524
0.032494
0.300267
0.033741
0.033517
0.039872
0.033355
0.300387
0.047733
0.032799
0.032046
0.032366
0.302180
0.053696
0.033306
0.039684
0.035639
0.300646
0.032638
0.033051
0.032923
0.051261
0.300201
0.031396
0.032946
0.035453
0.033743
0.308848
