0.105925
0.040326
0.033070
0.043175
0.033163
0.050995
0.036996
0.035564
0.034561
0.034159
0.044827
0.034468
0.033362
0.034664
0.034380
0.057023
0.042606
0.034649
0.032296
0.032511
0.212950
0.032817
0.033975
0.033168
0.032958
0.241110
0.046167
0.031366
0.031902
0.034414
0.283318
0.034268
0.039797
0.033343
0.033243
0.303246
0.033263
0.031991
0.033161
0.032797
0.322924
0.040088
0.037569
0.036287
0.048526
0.312213
0.037055
0.036021
0.060744
0.031300
0.301322
0.032228
0.034139
0.030481
0.073189
0.300778
0.029964
0.032032
0.031633
0.031206
0.308153
0.031384
0.033818
0.033798
0.030285
0.303492
0.039069
0.051264
0.032494
0.031032
0.304510
0.032315
0.031943
0.067683
0.032273
0.301814
0.033237
0.033102
0.035065
0.045963
0.302720
