0.100782
0.030722
0.032264
0.030327
0.030096
0.064219
0.031406
0.030698
0.039911
0.036222
0.081596
0.033265
0.030051
0.029239
0.041653
0.044982
0.049600
0.034124
0.030271
0.030634
0.200818
0.033842
0.031698
0.046206
0.032335
0.241006
0.033649
0.031735
0.032452
0.051657
0.283590
0.061266
0.036689
0.034502
0.037572
0.323072
0.059860
0.038367
0.034542
0.051343
0.300153
0.031659
0.032160
0.060221
0.032983
0.299388
0.033700
0.031891
0.058918
0.033104
0.299400
0.034398
0.051430
0.034376
0.032636
0.300085
0.032385
0.046892
0.032553
0.036865
0.300569
0.033091
0.032731
0.031873
0.050413
0.310678
0.031589
0.031741
0.039228
0.030060
0.299904
0.035321
0.031559
0.031641
0.031775
0.300287
0.031981
0.032126
0.033159
0.033499
0.302745
0.039773
0.033300
0.061558
0.033027
0.314700
0.038615
0.055681
0.042839
0.032448
0.300619
0.032416
0.036832
0.033393
0.046497
0.315725
0.044523
0.030241
0.034470
0.034465
0.299940
0.033189
0.035755
0.045026
0.032740
0.301729
0.043318
0.033836
0.037856
0.032959
0.301056
0.031711
0.048446
0.031232
0.031771
0.304518
0.045936
0.031792
0.036759
0.031819
0.299486
0.030818
0.033482
0.031180
0.030318
0.302642
0.032592
0.032592
0.032150
0.049855
0.299197
0.055616
0.032889
0.031924
0.035656
0.299851
0.033266
0.032622
0.031533
0.032512
0.300794
0.034388
0.035367
0.033585
0.031471
0.348823
0.045034
0.031414
0.034557
0.048680
0.303305
0.032923
0.037821
0.033065
0.033195
0.302210
0.033186
0.035056
0.033726
0.032094
0.300894
0.033396
0.036720
0.034141
0.046148
0.300551
0.053806
0.032790
0.032425
0.054929
0.303493
0.036848
0.033817
0.032512
0.034048
0.303144
0.042354
0.031801
0.031775
0.046809
0.301709
0.033410
0.033278
0.031990
0.031186
0.304928
0.033502
0.032514
0.047780
