0.097513
0.050598
0.045166
0.030252
0.030521
0.045477
0.055720
0.032167
0.050297
0.038495
0.040759
0.032521
0.031739
0.054343
0.034247
0.052613
0.042972
0.032594
0.030991
0.031743
0.199696
0.032479
0.031233
0.033884
0.033438
0.262974
0.033524
0.031249
0.031566
0.031639
0.281960
0.031250
0.032696
0.032471
0.031904
0.300184
0.031171
0.035706
0.035057
0.033787
0.305119
0.030750
0.035855
0.035680
0.032254
0.300234
0.031185
0.029812
0.030193
0.059668
0.309249
0.031161
0.031248
0.030861
0.030750
0.301213
0.059133
0.029798
0.034069
0.030136
0.300632
0.031705
0.032620
0.031723
0.031348
0.300819
0.032182
0.030479
0.036193
0.032142
0.302029
0.033039
0.036645
0.032209
0.031284
0.301181
0.031276
0.031234
0.032226
0.087152
0.318515
0.052736
0.034091
0.032563
0.032553
0.299938
0.030570
0.058351
0.033621
0.033374
0.302678
0.038628
0.032826
0.034266
0.032655
0.302795
0.033591
0.036253
0.037591
0.036526
0.304443
0.031918
0.031159
0.038142
0.032423
0.302296
0.033534
0.035101
0.036813
0.089204
0.301468
0.057163
0.030353
0.030675
0.031584
0.300357
0.029388
0.029183
0.030979
0.035151
0.303190
0.060067
0.032810
0.041609
0.036283
0.300247
0.031111
0.031829
0.032484
0.032068
0.301730
0.031760
0.030113
0.046938
0.030630
0.301827
0.030395
0.031297
0.030043
0.033226
0.299945
0.030544
0.043182
0.031523
0.043758
0.300059
0.031429
0.031731
0.031090
0.032082
0.299688
0.034139
0.033907
0.032361
0.029244
0.303578
0.034809
0.040473
0.044907
0.037449
0.323459
0.036809
0.035243
0.032556
0.034787
0.300937
0.036454
0.033363
0.059729
0.038631
0.302124
0.031653
0.030056
0.036068
0.034190
0.300328
0.030061
0.030356
0.033661
0.033035
0.302067
0.031486
