0.098736
0.029229
0.030858
0.030918
0.053635
0.049892
0.057120
0.043565
0.042474
0.052701
0.040068
0.040627
0.065875
0.030744
0.030305
0.049135
0.033654
0.032524
0.032450
0.030440
0.206697
0.029641
0.030046
0.034268
0.029522
0.240150
0.031115
0.031935
0.030610
0.028532
0.281279
0.033145
0.029343
0.031641
0.031559
0.324303
0.036888
0.033715
0.034273
0.033345
0.301789
0.030400
0.029166
0.032487
0.034567
0.302095
0.029823
0.031320
0.029640
0.042866
0.300592
0.030756
0.029336
0.031974
0.047918
0.301966
0.055378
0.043292
0.030563
0.033317
0.314549
0.043012
0.029273
0.047318
0.043005
0.299379
0.028793
0.030188
0.033141
0.041286
0.300793
0.029355
0.030187
0.031243
0.029971
0.302297
0.031047
0.031202
0.032091
0.032873
0.300965
0.030747
0.032319
0.030222
0.029965
0.303806
0.031049
0.033453
0.037706
0.046816
0.304174
0.031144
0.032913
0.032473
0.029877
0.301058
0.035573
0.030269
0.032474
0.031903
0.301020
