0.104537
0.031579
0.032831
0.033301
0.039631
0.075957
0.032366
0.035314
0.036155
0.034587
0.042095
0.050498
0.036429
0.034070
0.031654
0.061927
0.034935
0.063799
0.034175
0.031642
0.215026
0.034570
0.034604
0.045789
0.032871
0.239700
0.050391
0.031776
0.029536
0.032809
0.284261
0.032629
0.031067
0.032756
0.030411
0.305519
0.063724
0.031494
0.032896
0.030093
0.303394
0.032043
0.031165
0.033923
0.035258
0.299811
0.033874
0.034504
0.031280
0.031161
0.300497
0.033453
0.042605
0.033153
0.033011
0.299242
0.031989
0.033366
0.031758
0.030496
0.309261
0.031853
0.031610
0.032600
0.033590
0.302257
0.030985
0.031972
0.031969
0.030517
0.301157
0.031339
0.076495
0.030800
0.028644
0.300583
0.032128
0.043978
0.053977
0.031776
0.301347
0.031740
0.032423
0.030446
