0.092128
0.040640
0.031333
0.028674
0.028183
0.053393
0.039792
0.039873
0.028237
0.028254
0.037960
0.029091
0.031407
0.028420
0.041200
0.052922
0.026489
0.029310
0.028959
0.028452
0.200691
0.029937
0.027725
0.030732
0.028106
0.241265
0.028147
0.036311
0.028001
0.027466
0.281730
0.029440
0.030821
0.029383
0.038054
0.299952
0.030821
0.032195
0.027774
0.028774
0.299751
0.048366
0.030598
0.030783
0.048158
0.301069
0.051731
0.028130
0.027209
0.027377
0.300523
0.029245
0.027656
0.026896
0.026800
0.300063
0.029290
0.030581
0.027660
0.028194
0.301293
0.038423
0.028726
0.047139
0.042983
0.314059
0.056431
0.028271
0.031262
0.029120
0.300147
0.030601
0.029615
0.027256
0.049323
0.298444
0.035978
0.028190
0.026795
0.026131
0.301949
0.026693
0.026148
0.027702
0.056703
0.301498
0.027119
0.039735
0.028717
0.028898
0.299685
0.027725
0.027292
0.027473
