0.079011
0.028906
0.028213
0.027847
0.025180
0.042420
0.025993
0.025169
0.026601
0.025622
0.036680
0.024959
0.026099
0.025604
0.024581
0.043873
0.024499
0.024361
0.024496
0.033536
0.204025
0.030073
0.030834
0.033518
0.041650
0.239414
0.059090
0.030074
0.032132
0.031358
0.280926
0.030795
0.027514
0.028632
0.028598
0.299701
0.026173
0.027529
0.028066
0.034038
0.298663
0.043429
0.030641
0.030167
0.026849
0.299576
0.024734
0.025696
0.029242
0.025887
0.298244
0.025169
0.025806
0.025405
0.025091
0.305081
0.025493
0.026927
