0.100149
0.030510
0.032172
0.030426
0.032439
0.041285
0.033371
0.031774
0.031386
0.058012
0.039004
0.031608
0.031512
0.031138
0.033504
0.059390
0.030821
0.031667
0.031456
0.033147
0.205969
0.032302
0.031254
0.031629
0.031069
0.240020
0.032502
0.032325
0.031693
0.030835
0.281563
0.033030
0.030355
0.030957
0.044381
0.301924
0.033383
0.032800
0.032007
0.031575
0.301284
0.031595
0.031456
0.033274
0.031214
0.302027
0.032946
0.032362
0.032571
0.033232
0.302088
0.033303
0.049854
0.035712
0.034931
0.299797
0.033185
0.031011
0.032320
0.031095
0.299475
0.044528
0.031583
0.034420
0.035784
0.299727
0.032434
0.032145
0.042042
0.044048
0.302936
0.035219
0.032673
0.032283
0.033220
0.334506
0.044110
0.052107
0.042538
0.038753
0.312450
0.051072
0.035122
0.031694
0.033111
0.317847
0.035021
0.033454
0.032891
0.031591
0.300864
0.032428
0.034514
0.065809
0.032277
0.299884
0.031898
0.030808
0.034434
0.032672
0.300044
