0.096893
0.030303
0.030784
0.037957
0.045132
0.037668
0.031472
0.030488
0.032440
0.062619
0.040458
0.031864
0.034094
0.035977
0.032000
0.060245
0.031889
0.030605
0.032470
0.041281
0.201181
0.032858
0.032869
0.033176
0.077664
0.242109
0.038479
0.039399
0.035947
0.032071
0.281976
0.032707
0.054994
0.031295
0.034939
0.325392
0.035460
0.032129
0.031932
0.033259
0.300969
0.033010
0.031530
0.046883
0.030358
0.300627
0.031753
0.058847
0.044789
0.032326
0.300936
0.031103
0.031701
0.030324
0.049004
0.300504
0.032554
0.031872
0.032901
0.032507
0.302557
0.031467
0.032131
0.035635
0.032962
0.303617
0.050505
0.031331
0.031854
0.031530
0.365001
0.032454
0.036349
0.030365
0.036232
0.324045
0.031965
0.031475
0.035570
0.029236
0.313559
0.029509
0.031757
0.031646
0.030806
0.299849
0.031392
0.029545
0.030902
0.030068
0.303375
0.031564
0.030569
0.029969
0.031573
0.304740
0.030154
0.029490
0.030475
0.029887
0.306788
0.030293
