0.077591
0.024846
0.025029
0.025834
0.025046
0.035535
0.027417
0.026276
0.037161
0.027954
0.036802
0.036524
0.026004
0.025131
0.026100
0.044855
0.025982
0.028558
0.028006
0.026081
0.198392
0.026146
0.027703
0.026884
0.027596
0.248821
0.026545
0.025156
0.025349
0.024336
0.280691
0.028301
0.029162
0.025321
0.026198
0.298748
0.025441
0.026368
0.026741
0.050825
0.300422
0.033829
0.030676
0.025675
0.024949
0.334110
0.029132
0.028984
0.028637
0.039480
0.324158
0.035748
0.026610
0.026441
0.027558
0.301709
0.025525
0.036062
0.027342
0.024833
0.305408
0.027239
0.026356
0.028579
0.026512
0.298547
0.029037
0.025569
0.044639
0.024889
0.298377
0.024444
0.025156
0.025909
0.025377
0.300526
0.028978
0.025811
