0.077157
0.034779
0.028321
0.031294
0.027423
0.042033
0.058406
0.025668
0.025228
0.025153
0.055469
0.026065
0.024396
0.024818
0.024740
0.043395
0.026638
0.024379
0.029057
0.027466
0.198689
0.024958
0.026966
0.026615
0.028407
0.238154
0.029288
0.045246
0.024212
0.025696
0.279797
0.025248
0.024847
0.024690
0.024753
0.335005
0.033443
0.033474
0.038412
0.029401
0.304213
0.039320
0.027002
0.027784
0.026017
0.299208
0.026504
0.024814
0.026180
0.056554
0.303675
0.026021
0.025951
0.025813
0.026920
0.298541
0.025317
0.028968
0.027809
0.041492
0.300148
0.077924
0.028774
0.025759
0.027158
0.301181
0.025373
0.026715
0.029695
0.027912
0.301056
0.026236
0.056388
0.028076
0.029318
0.299395
0.026702
0.025865
0.027254
0.026516
0.298990
0.033527
0.043914
0.047520
0.029959
0.311269
0.029934
0.026243
0.025270
0.025065
0.299971
0.026783
0.025909
0.025929
0.025346
0.298949
0.025690
