0.100881
0.031724
0.034012
0.031448
0.033733
0.042342
0.032248
0.035869
0.034447
0.051941
0.042233
0.033852
0.033532
0.036123
0.032925
0.095665
0.035034
0.033433
0.033145
0.035338
0.201050
0.040690
0.038535
0.035531
0.070917
0.239737
0.066096
0.033022
0.033368
0.032603
0.284686
0.032263
0.032998
0.054744
0.033490
0.300627
0.034704
0.032910
0.033797
0.039441
0.299795
0.034112
0.050612
0.033954
0.033315
0.301142
0.036088
0.039194
0.039976
0.073610
0.300986
0.033795
0.034459
0.034468
0.048820
0.311222
0.033147
0.033180
0.043088
0.035053
0.302143
0.034742
0.037682
0.032801
0.032052
0.311802
0.047657
0.033640
0.037267
0.036051
0.301185
0.033060
0.040828
0.040188
0.058158
0.304193
0.040811
0.034806
0.038810
0.037555
0.300418
0.033137
0.033822
0.033634
0.052809
0.300441
