0.137343
0.044312
0.032244
0.033324
0.051657
0.042044
0.033811
0.032516
0.032847
0.038151
0.075783
0.032315
0.033112
0.033817
0.033155
0.045429
0.065811
0.032237
0.032664
0.033296
0.241417
0.053149
0.040081
0.032380
0.032554
0.239780
0.032970
0.034694
0.041382
0.035119
0.284561
0.039637
0.041461
0.041544
0.039991
0.311729
0.037707
0.048046
0.034498
0.034958
0.350564
0.039739
0.049732
0.038455
0.037295
0.302154
0.038000
0.041775
0.044180
0.034565
0.307744
0.034806
0.032441
0.087524
0.031366
0.318258
0.033913
0.034115
0.033898
0.032672
0.303301
0.032480
0.033521
0.053382
0.041814
0.304512
0.050416
0.041670
0.050566
0.034666
0.305106
0.033312
0.035519
0.057268
0.047806
0.359568
0.102339
0.122220
0.077153
0.054373
0.304645
0.033007
0.033491
0.069898
0.032614
0.301398
0.045478
0.032787
0.061181
0.034738
0.320729
0.033189
0.075808
0.033332
0.032672
0.304451
0.034723
0.033514
0.033394
0.065181
0.301498
0.047349
0.031971
0.031776
0.033091
0.301237
0.033717
0.044420
0.033517
0.041746
0.311798
0.036051
0.031338
0.032455
0.052574
0.308401
0.033010
0.033412
0.033954
0.033800
0.302352
0.033538
0.031933
0.033462
0.036251
0.301638
0.032633
0.032706
0.034292
0.033487
0.344949
