0.105125
0.027711
0.028021
0.028176
0.027914
0.034003
0.029259
0.045220
0.031693
0.027892
0.036524
0.027758
0.028184
0.041912
0.029592
0.044978
0.031332
0.031718
0.054511
0.029473
0.199773
0.032521
0.029382
0.038521
0.028585
0.240095
0.028725
0.028943
0.028644
0.028875
0.282058
0.036896
0.027194
0.028389
0.027785
0.306198
0.029552
0.029631
0.034962
0.034141
0.300071
0.027987
0.040649
0.030189
0.062365
0.304089
0.028770
0.026768
0.030660
0.051584
0.299436
0.028841
0.029589
0.028512
0.028057
0.299527
0.029380
0.028531
0.028129
0.027421
0.300526
0.042989
0.028629
0.027780
0.051497
0.315377
0.028549
0.027745
0.038332
0.029656
0.298984
0.027978
0.029093
0.029233
0.031245
0.303971
0.029810
0.028948
0.033789
0.029339
0.300488
0.034232
0.028793
0.032799
0.049194
0.303970
0.029380
0.048548
0.028987
0.028876
0.299793
0.029310
0.043449
0.028817
0.029100
0.299052
0.037457
0.028568
0.028106
0.027840
0.299840
0.028842
0.035972
0.030315
0.044976
0.307882
0.043670
0.030491
0.032270
0.038794
0.317265
0.039824
0.029807
0.058090
0.029198
0.299133
0.026522
0.025120
0.042879
0.025748
0.300292
0.031634
0.031851
0.032422
0.031920
0.300375
0.029164
0.028843
0.029947
0.039958
0.299219
0.048197
0.029682
0.032359
0.033571
0.300068
0.027401
0.025141
0.026865
0.028955
0.299461
0.027550
0.026232
0.025335
0.037297
0.366249
0.145400
0.084646
0.064116
0.026228
0.299254
0.024526
0.024501
0.028842
0.025600
0.300152
0.026438
0.051025
0.026632
0.026437
0.298713
0.026372
0.026316
0.028004
0.027430
0.301040
0.040186
0.026810
0.026486
0.030763
0.316289
0.027792
0.029833
0.026133
0.025742
0.349368
0.026765
0.025509
0.025553
0.026412
0.299175
0.027667
