0.106637
0.060830
0.032773
0.036678
0.035935
0.047638
0.032274
0.060637
0.035985
0.032462
0.040830
0.048196
0.050056
0.031902
0.032878
0.048020
0.038114
0.033694
0.038672
0.032813
0.202345
0.037463
0.034121
0.035691
0.040767
0.242635
0.038361
0.065636
0.034668
0.035883
0.284981
0.032713
0.033652
0.036600
0.036729
0.308700
0.046038
0.033900
0.033397
0.032778
0.301516
0.033240
0.032891
0.033060
0.057477
0.300565
0.034752
0.035834
0.032946
0.037108
0.319366
0.048386
0.034378
0.034237
0.033822
0.301203
0.032794
0.033335
0.033382
0.047467
0.304533
0.034126
0.034773
0.031021
0.032813
0.301335
0.033199
0.034144
0.032656
0.033683
0.300036
0.032363
0.033495
0.032081
0.032405
0.318430
0.045589
0.035864
0.034045
0.036771
0.301835
0.032843
0.034474
0.033291
0.032829
0.310098
0.048289
0.034846
0.032806
0.031111
0.301243
0.046257
0.046708
0.033737
0.036394
0.299816
0.032798
0.033001
0.033399
0.036030
0.301217
0.032120
0.031067
0.033143
0.032376
0.301513
0.035114
0.033211
0.042051
0.032294
0.302056
0.034143
0.032096
0.036906
0.032994
0.301269
0.031357
0.030897
0.033276
0.032604
0.299881
0.031467
0.031444
0.034549
0.042326
0.300364
0.033960
0.032646
0.031099
0.034664
0.301891
0.036104
0.034955
0.032463
0.079612
0.301682
0.033117
0.033746
0.032569
0.032162
0.300281
0.046580
0.046163
0.031310
0.033928
0.301891
0.045105
0.036461
0.038351
0.034371
0.299776
0.034545
0.032910
0.036192
0.032385
0.313824
0.033363
0.034547
0.035085
0.065129
0.302622
0.034756
0.086105
0.032362
0.032487
0.300947
0.032714
0.032925
0.034236
0.045973
0.319670
0.033421
