0.115397
0.038190
0.027188
0.028742
0.026872
0.034465
0.028688
0.026941
0.026782
0.025644
0.036894
0.032302
0.037435
0.030329
0.028689
0.044405
0.026280
0.024920
0.025621
0.028220
0.202766
0.031723
0.028715
0.026327
0.052012
0.238599
0.026441
0.026186
0.031504
0.025545
0.282044
0.026541
0.026188
0.027157
0.064102
0.300359
0.026637
0.028222
0.031775
0.035970
0.299151
0.026321
0.049793
0.055403
0.029333
0.297910
0.026268
0.027239
0.025103
0.026531
0.298999
0.024218
0.030433
0.035388
0.025926
0.325630
0.025704
0.048093
0.026539
0.026173
0.298154
0.028895
0.025773
0.025181
0.028277
0.299011
0.026023
0.024767
0.024459
0.024472
0.298316
0.032156
0.025387
0.026316
0.039400
0.308376
0.025078
0.025391
0.024847
0.028625
0.309621
0.032912
0.026187
0.024812
0.024743
0.298335
0.026417
0.024667
0.055632
0.031680
0.304338
0.025954
0.027623
0.025808
0.027755
0.301674
0.026846
0.025243
0.026482
0.025932
0.299418
0.028908
0.026510
0.039083
0.028766
0.298052
0.025278
0.024262
0.025444
0.034703
0.308397
0.025919
0.026061
0.025704
0.026355
0.314019
0.027888
0.027350
0.024806
0.024547
0.297958
0.024363
