0.079036
0.024781
0.026883
0.027303
0.026842
0.034306
0.025781
0.027673
0.026077
0.026562
0.036681
0.041718
0.028113
0.032023
0.026954
0.084570
0.026510
0.026854
0.052057
0.025903
0.199836
0.026915
0.045706
0.025770
0.024940
0.238607
0.027116
0.027070
0.052854
0.038406
0.281195
0.030147
0.027248
0.029858
0.026231
0.299161
0.027547
0.026178
0.034506
0.029836
0.302158
0.046263
0.027857
0.051202
0.026022
0.300094
0.026291
0.028662
0.026771
0.026216
0.323054
0.029399
0.054315
0.037895
0.027841
0.300213
0.026227
0.025671
0.034320
0.025480
0.299952
0.025316
0.025872
0.025707
0.025623
0.297332
0.055842
0.027862
0.028179
0.052231
0.301256
0.027415
0.024868
0.026155
0.058892
0.305554
0.031684
0.026011
0.026602
0.028700
0.299615
0.025449
0.025324
0.026533
0.026129
0.302319
0.032708
0.025865
0.025776
0.051153
0.302021
0.026489
0.026083
0.027789
0.035769
0.316186
0.028944
0.025828
0.031063
0.025292
0.299311
0.025849
0.030138
0.027287
0.025525
0.303830
0.026596
0.026444
0.027091
0.031944
0.302292
0.027087
0.025618
0.045070
0.026160
0.298266
0.025278
0.029491
0.040725
0.025444
0.303010
0.025608
0.024617
0.027590
0.028510
0.330383
0.039442
0.034418
0.028997
0.027320
0.300194
0.025939
0.026489
0.059232
0.041443
0.300224
0.043250
0.052857
0.026612
0.026436
0.298922
0.027519
0.029323
0.025404
0.025556
0.298409
0.027291
0.027748
0.027545
0.042685
0.300630
0.029155
0.029038
0.027196
0.026022
0.301594
0.027290
0.026511
0.025419
0.025416
0.298017
0.033217
0.026032
0.028695
0.026706
0.331745
0.035991
0.028867
0.046531
0.025071
0.299293
0.028252
0.025143
0.027833
0.025888
0.300183
0.026129
0.026964
0.028226
0.039298
0.299881
0.027074
0.030259
0.026699
0.026672
0.301681
