0.107717
0.028482
0.028581
0.047868
0.030737
0.053110
0.027877
0.030566
0.029196
0.031040
0.037695
0.036059
0.031870
0.028954
0.028716
0.045430
0.030407
0.082662
0.028064
0.027353
0.200570
0.033902
0.030509
0.029346
0.029971
0.244473
0.028987
0.029130
0.028523
0.077294
0.282812
0.029109
0.030426
0.040966
0.031157
0.300775
0.037080
0.029200
0.043715
0.027829
0.300365
0.036585
0.032174
0.041979
0.029720
0.300472
0.032030
0.035207
0.038884
0.029611
0.301982
0.035322
0.031112
0.029544
0.030663
0.302461
0.029219
0.045704
0.028305
0.028703
0.299333
0.027530
0.036097
0.030010
0.032753
0.326885
0.027870
0.027710
0.027863
0.028425
0.310427
0.026260
0.049548
0.029089
0.026521
0.316506
0.029003
0.029063
0.058968
0.058830
0.305993
0.027911
0.029622
0.030649
0.032025
0.300364
0.032717
0.044574
0.031597
0.031963
0.303343
0.030538
0.041185
0.029868
0.032017
0.313790
0.031759
0.039269
0.030815
0.030856
0.300613
0.030422
0.097697
0.029898
0.053772
0.301317
0.037645
0.031370
0.036831
