0.126459
0.055297
0.033948
0.035573
0.032176
0.047026
0.053138
0.046240
0.032785
0.057479
0.039342
0.035849
0.035780
0.038021
0.040348
0.050608
0.032580
0.034701
0.055471
0.038498
0.201801
0.080483
0.030937
0.048288
0.036025
0.240216
0.035671
0.052807
0.034784
0.034112
0.284936
0.038805
0.033514
0.036933
0.043605
0.301761
0.032653
0.054901
0.049886
0.031974
0.300892
0.035245
0.065889
0.033533
0.048208
0.301448
0.033358
0.045803
0.033214
0.032848
0.301938
0.038424
0.036976
0.033373
0.032039
0.301426
0.031893
0.047450
0.031221
0.042865
0.300686
0.065507
0.033114
0.054538
0.035586
0.305266
0.040517
0.033196
0.032322
0.035349
0.304569
0.031635
0.032674
0.037712
0.034437
0.301612
0.034022
0.059131
0.060747
0.031994
0.302385
0.055517
0.033409
0.035063
0.042022
0.311496
0.030792
0.032877
0.056834
0.029808
0.303636
0.029683
0.028803
0.030821
0.039778
0.315768
0.030727
0.029444
0.029789
0.032717
0.301744
0.037502
0.049907
0.032145
0.045301
0.301721
0.030765
0.032134
0.031670
0.033199
0.301017
0.037134
0.035268
0.033979
0.037048
0.301548
0.036081
0.042191
0.037746
0.049490
0.299815
0.032618
