0.102807
0.034221
0.076263
0.047759
0.037362
0.048540
0.037866
0.090012
0.033236
0.088809
0.043093
0.036762
0.044801
0.043407
0.035846
0.047187
0.036531
0.033562
0.034970
0.033000
0.202566
0.034025
0.033515
0.035661
0.062400
0.242194
0.059388
0.047583
0.031732
0.033072
0.284600
0.033566
0.034949
0.059655
0.041119
0.310927
0.031624
0.033668
0.036555
0.039055
0.300633
0.036302
0.034861
0.032171
0.033683
0.302130
0.034204
0.036943
0.036831
0.035480
0.301010
0.060628
0.036711
0.037442
0.034920
0.304717
0.034425
0.033295
0.066800
0.054389
0.302214
0.038618
0.035148
0.035599
0.047595
0.328526
0.032881
0.034321
0.037536
0.033164
0.312168
0.033782
0.057088
0.043720
0.033736
0.303195
0.035330
0.034131
0.045082
0.033759
0.313695
0.034693
0.047001
0.034954
0.046066
0.301381
0.061041
0.041993
0.054673
0.032913
0.305773
