0.118564
0.058156
0.031436
0.036371
0.034067
0.071410
0.033677
0.050893
0.035351
0.031130
0.072424
0.032449
0.031861
0.060903
0.036067
0.045480
0.032985
0.032612
0.034005
0.032514
0.199574
0.032195
0.030392
0.030414
0.030212
0.241227
0.030962
0.030489
0.031672
0.055587
0.281625
0.030475
0.030389
0.031023
0.049234
0.310323
0.046331
0.036481
0.034041
0.032171
0.299845
0.031940
0.031923
0.089513
0.034581
0.301903
0.033552
0.045996
0.063443
0.032782
0.299232
0.031595
0.031458
0.034839
0.050395
0.301509
0.059701
0.030752
0.034073
0.057226
0.300474
0.032469
0.031487
0.051215
0.030211
0.306111
0.034122
0.033591
0.056992
0.053611
0.300998
0.031637
0.032256
0.034039
0.032506
0.302436
0.033445
0.031754
0.031551
0.038445
0.299494
0.042445
0.032187
0.032197
0.032343
0.299438
0.033152
0.031145
0.031886
0.045586
0.303476
0.038741
0.032714
0.039304
0.032182
0.300594
0.032982
0.061220
0.038191
0.033417
0.298920
