0.113528
0.029658
0.035157
0.035254
0.046363
0.050060
0.026911
0.027827
0.030189
0.035161
0.043713
0.026719
0.032091
0.031180
0.032568
0.053210
0.029668
0.040126
0.054430
0.027884
0.211790
0.026384
0.026186
0.027623
0.105586
0.242841
0.026098
0.026963
0.031596
0.029932
0.316150
0.028308
0.029490
0.053562
0.031259
0.299046
0.026851
0.056751
0.026063
0.033702
0.299865
0.030703
0.032025
0.028527
0.033225
0.301878
0.030368
0.031945
0.032960
0.029943
0.300256
0.029470
0.028857
0.040194
0.031134
0.301972
0.046376
0.030375
0.028349
0.029719
0.299782
0.029312
0.053313
0.029725
0.054560
0.300363
0.029574
0.029853
0.029814
0.026498
0.299211
0.026753
0.041157
0.040528
0.025164
0.298785
0.026219
0.025683
0.027886
0.026054
0.298316
0.030787
0.026704
0.047844
0.026951
0.298774
0.028844
0.025747
0.029212
