0.110708
0.029646
0.031933
0.041552
0.030915
0.064537
0.027747
0.031159
0.030745
0.034147
0.041605
0.030790
0.029223
0.033650
0.036103
0.047609
0.030967
0.033849
0.045613
0.030275
0.208090
0.032555
0.030120
0.029864
0.049217
0.242151
0.038860
0.028273
0.027960
0.029164
0.282497
0.031754
0.032023
0.030723
0.033330
0.316925
0.030275
0.029931
0.030443
0.033448
0.300933
0.029847
0.029134
0.027942
0.030810
0.359787
0.033773
0.031711
0.034689
0.069527
0.337483
0.033324
0.035197
0.055788
0.098501
0.305546
0.043924
0.044740
0.049661
0.307219
0.705481
0.208404
0.037748
0.034881
0.042235
0.315586
0.034919
0.032340
0.032590
0.038031
0.311373
0.032813
0.033530
0.036009
0.038330
0.340316
0.045762
0.039891
0.031613
0.036757
0.302285
0.032828
0.058715
0.033226
0.031228
0.307717
0.033122
0.033983
0.030598
0.028455
0.303685
0.029358
0.029361
0.074077
0.030896
0.300343
0.028710
0.029922
0.057730
0.031240
0.310013
0.030934
0.032607
0.032545
0.030844
0.301484
0.039368
0.099318
0.031634
0.034525
0.301798
0.032032
0.030932
0.030187
0.052134
0.559826
0.043014
0.032459
0.035776
0.045375
0.301791
0.045031
0.043319
0.035255
0.038281
0.316183
0.034877
0.032491
0.032517
0.046710
0.300936
0.037467
0.032019
0.031367
0.044253
0.306298
0.035700
0.060400
0.051411
0.071859
0.305747
0.030436
0.035570
0.040812
0.075927
0.327646
0.035542
0.030600
0.038671
0.032000
0.322626
0.039899
0.041689
0.037428
0.048885
0.301253
0.032558
0.033211
0.031384
0.031070
0.338588
0.033922
0.031646
0.033827
0.034902
0.301614
0.031372
0.032067
0.036692
0.030692
0.322770
0.036661
0.030323
0.030413
0.035313
0.386493
0.030056
0.033756
0.031696
0.030767
0.302271
0.032098
0.031826
0.041295
0.031416
0.301792
0.032012
0.044158
0.047151
0.030068
0.299412
0.031722
0.056844
0.029889
0.030353
0.300264
0.031789
0.034787
0.032339
0.029968
0.302167
0.035702
0.097947
0.031782
0.031474
