0.096006
0.024928
0.025723
0.026030
0.035899
0.034603
0.024398
0.028244
0.028164
0.025693
0.036049
0.028394
0.028421
0.024664
0.025124
0.044110
0.026131
0.036078
0.026328
0.025277
0.198836
0.028487
0.026289
0.149495
0.309517
0.315830
0.030543
0.026977
0.027772
0.031977
0.328871
0.026331
0.199923
0.180001
0.027061
0.304764
0.027039
0.038909
0.024673
0.296498
0.299525
0.028209
0.025683
0.025532
0.387348
0.492760
0.034907
0.028285
0.027992
0.167445
0.387933
0.064534
0.418071
0.084099
0.171684
0.391146
0.057408
0.029348
0.030756
0.046660
0.298156
0.025845
0.029317
0.042678
0.263041
0.354361
0.070151
0.025854
0.440723
0.031162
0.329640
