2.164412
0.072527
0.039393
0.055057
0.043117
0.055323
0.046500
0.059141
0.091944
0.059430
0.065190
0.076459
0.094277
0.075503
0.066552
0.056573
0.050153
0.059664
0.154568
0.146524
0.138333
0.147163
0.166707
0.168301
0.153825
0.159805
0.182661
0.182102
0.192985
0.179048
0.193965
0.190500
0.194605
0.193088
0.193037
0.250070
0.209388
0.243367
0.193436
0.220788
0.194583
0.191546
0.193923
0.204194
0.192639
0.194113
0.206856
0.195975
0.193530
0.193917
0.191776
0.206641
0.193538
0.192528
0.195521
0.192810
0.201333
0.194229
0.193552
0.194219
0.198054
0.191178
0.195189
0.193874
0.195013
0.196793
0.197644
0.199595
0.193894
0.261060
0.194044
0.191050
0.191847
0.192211
0.193104
0.203060
0.193895
0.190208
0.192471
0.193813
0.192031
0.192612
0.192833
0.190459
0.195879
0.192998
0.195264
0.194111
0.192832
0.192627
0.215907
0.192561
0.194416
0.191280
0.192820
0.191900
0.191497
0.192756
0.191612
0.195088
0.191437
0.191681
0.193128
0.192739
0.191853
0.192195
0.206158
0.194430
0.193316
0.191411
0.192204
0.194088
0.198044
0.211844
0.201713
0.193659
0.192350
0.198915
0.196277
0.192881
0.194640
0.193073
0.241999
0.240784
0.225147
0.195697
0.215949
0.192201
0.398662
0.197147
0.264448
0.286709
0.288218
0.207939
0.357972
0.386811
0.412639
0.323181
0.305869
0.349276
0.297745
0.395333
0.429578
0.921013
1.138820
0.472044
0.430565
0.383305
0.198165
0.385511
0.771229
0.605221
0.389186
0.314519
0.234590
0.268498
0.199346
0.262527
0.213083
0.190848
0.192766
0.266466
0.216781
0.286119
0.235682
0.229261
0.325396
0.203222
0.220045
0.210010
0.275625
0.283615
0.240492
0.266710
0.255294
0.289809
0.191221
0.297318
0.291367
0.229045
0.224017
0.242763
0.216356
0.293437
0.283748
0.201042
0.276219
0.272240
0.259123
0.239966
0.265302
0.281708
0.263569
0.235084
0.241391
0.198483
0.268974
0.244224
0.229024
0.314378
0.221745
0.231621
