0.210998
0.221881
0.237282
0.059873
0.104544
0.280341
0.034473
0.178210
0.068855
0.034446
0.240471
0.035938
0.240579
0.280096
0.037124
0.198692
0.041483
0.253606
0.128501
0.278095
0.136655
0.139549
0.262739
0.256683
0.246624
0.284796
0.251747
0.245246
0.241045
0.207408
0.290817
0.220544
0.194498
0.244042
0.191398
0.189834
0.298221
0.218180
0.253757
0.240078
0.302569
0.198242
0.248060
0.204707
0.195709
0.251587
0.227548
0.282243
0.246534
0.252834
0.268126
0.258671
0.200725
0.247642
0.228686
0.198372
0.202262
0.273608
0.220058
0.201387
0.279702
0.214544
0.197843
0.261873
0.228369
0.279394
0.208433
0.258510
0.244045
0.281317
0.229756
0.294111
0.207513
0.205545
0.268398
0.229693
0.242863
0.251991
0.249574
0.190117
0.259407
0.230187
0.247217
0.253814
0.215793
0.200894
0.260378
0.191448
0.365618
0.280598
0.200640
0.191299
0.287218
0.260299
0.241499
0.233057
0.256133
0.194534
0.265756
0.214604
0.198246
0.202633
0.236741
0.190245
0.202314
0.217699
0.189187
0.190167
0.199335
0.190712
0.189116
0.191780
0.221077
0.191547
0.191494
0.189319
0.195169
0.203959
0.219263
0.189163
0.190213
0.189949
0.189041
0.191293
0.204885
0.190840
0.189521
0.190353
0.190298
0.196271
0.189223
0.189790
0.190338
0.190062
0.190134
0.190736
0.191143
