0.080388
0.026252
0.047241
0.064827
0.035412
0.035209
0.034977
0.034418
0.031768
0.054402
0.033621
0.034114
0.033180
0.034412
0.034333
0.036958
0.037511
0.053987
0.128305
0.123349
0.159972
0.140883
0.148220
0.145218
0.179165
0.159779
0.161737
0.163687
0.170285
0.191588
0.179504
0.185092
0.191955
0.190776
0.192042
0.190557
0.189098
0.205187
0.190501
0.189275
0.205343
0.189472
0.192113
0.192776
0.192590
0.220623
0.190625
0.202517
0.203954
0.188926
0.190137
0.189911
0.192622
0.195105
0.191702
0.189855
0.191461
0.190162
0.191734
0.207178
0.188879
0.189513
0.218983
0.191038
0.189879
0.190763
0.192099
0.191872
0.190107
0.188495
0.191216
0.191114
0.195894
0.189841
0.189405
0.189022
0.190134
0.194645
0.190415
0.190206
0.194192
0.189084
0.190412
0.205744
0.212323
0.191966
0.190466
0.233050
0.190038
0.195977
0.195434
0.195391
