0.111749
0.030384
0.050105
0.040566
0.041639
0.038305
0.037102
0.060608
0.038768
0.037631
0.037997
0.039953
0.061599
0.038734
0.038233
0.046674
0.042502
0.039710
0.120282
0.123427
0.132279
0.135111
0.139575
0.146866
0.150364
0.155555
0.173368
0.165350
0.175580
0.175496
0.180557
0.188069
0.191567
0.194280
0.192187
0.192456
0.192791
0.191121
0.191187
0.191113
0.193094
0.190497
0.191565
0.191162
0.190183
0.190881
0.191545
0.192693
0.191068
0.190916
0.191466
0.190539
0.192624
0.190710
0.190546
0.190294
0.189815
0.191644
0.191129
0.191003
0.191776
0.190199
0.191030
0.191803
0.191160
0.191199
0.190685
0.191496
0.191072
0.190582
0.205636
0.194666
0.192038
0.191537
0.191607
0.191625
0.192895
0.190520
0.191970
0.193052
0.192111
0.192245
0.191523
0.207510
0.191283
0.195977
0.191167
0.191845
0.191146
0.192361
0.191573
0.190717
0.194360
0.192602
0.191066
0.193105
0.191114
0.192022
0.204904
0.193289
0.192831
0.191681
