0.090229
0.032415
0.040812
0.039523
0.042114
0.039038
0.053937
0.038732
0.038052
0.036534
0.036274
0.037124
0.038365
0.037114
0.035737
0.036356
0.038148
0.039369
0.118579
0.122823
0.131075
0.133442
0.138236
0.145441
0.150355
0.155729
0.163558
0.176788
0.170139
0.177774
0.180924
0.186509
0.192995
0.192333
0.191260
0.191503
0.191884
0.193865
0.191054
0.190533
0.191502
0.191235
0.191626
0.190384
0.192306
0.191707
0.194819
0.193211
0.204592
0.192000
0.191971
0.192688
0.191300
0.191817
0.195351
0.191783
0.191171
0.191903
0.191443
0.191587
0.191964
0.196459
0.194090
0.190896
0.203675
0.192230
0.191975
0.191370
0.191225
0.190960
