0.076550
0.030468
0.038658
0.042007
0.049895
0.038076
0.039182
0.037825
0.039058
0.037639
0.041428
0.037478
0.037577
0.037973
0.038930
0.040021
0.039987
0.039531
0.120134
0.123827
0.130651
0.135222
0.137775
0.147371
0.149703
0.154529
0.162684
0.174477
0.171595
0.175412
0.180547
0.186266
0.193755
0.195952
0.193183
0.191249
0.191397
0.204652
0.191888
0.191893
0.192288
0.191689
0.191805
0.191526
0.193218
0.192629
0.191563
0.196244
0.243493
0.196636
0.223301
0.193079
0.200192
0.193527
0.192914
0.227094
0.212566
0.336890
0.197413
0.211578
0.192568
0.194991
0.229178
0.192252
0.191279
0.192668
0.191477
0.190089
0.191704
0.190897
0.191093
0.191311
0.192927
0.197958
0.192953
0.193566
0.191513
0.191795
0.191584
0.190717
0.191088
0.197310
0.198632
0.192430
0.210767
0.197126
0.255797
0.252340
0.196203
0.268006
0.248913
0.236273
0.204202
0.268021
0.196805
0.195191
0.191896
0.192455
0.226664
0.212289
0.199465
0.245868
0.229189
0.235011
0.195658
0.305410
0.225015
0.192985
0.193781
0.198669
0.209658
0.198360
0.217547
0.211873
0.206628
0.193800
0.197625
0.196158
