0.211552
0.178445
0.152014
0.031430
0.031953
0.032220
0.170704
0.036015
0.034348
0.155573
0.033767
0.034793
0.035383
0.046744
0.242567
0.042599
0.040561
0.180707
0.124469
0.129576
0.202043
0.246552
0.255659
0.236326
0.222994
0.160068
0.249982
0.170678
0.178695
0.225454
0.185185
0.205027
0.192342
0.195932
0.192550
0.235157
0.244461
0.237707
0.197583
0.213323
0.213235
0.194812
0.203849
0.234779
0.207288
0.233667
0.195442
0.194985
0.233747
0.258589
0.238037
0.229423
0.213172
0.192757
0.243198
0.193974
0.197945
0.252280
0.191705
0.207474
0.192136
0.192176
0.193468
0.189489
0.191107
0.246845
0.260944
0.204272
0.190402
0.194090
0.194731
0.194467
0.230065
0.200520
0.196732
0.223375
0.193904
0.191076
0.234974
0.208011
0.190391
0.194095
0.189870
0.197899
0.190494
0.191805
0.189857
0.194850
0.190305
0.197947
0.190335
0.190318
0.189690
0.189935
0.201007
0.190648
0.191136
0.191732
0.235027
0.191206
0.190448
0.189134
0.190256
0.211863
0.190094
0.198432
0.191729
0.190177
0.198289
0.188944
0.190677
0.191231
0.190491
0.190452
0.192478
0.190057
0.191634
0.189606
0.197961
