0.102878
0.043542
0.045941
0.049876
0.041441
0.035637
0.038355
0.037402
0.037053
0.050029
0.040446
0.037523
0.046775
0.040238
0.070911
0.042219
0.038846
0.082180
0.120167
0.125972
0.139814
0.138930
0.153820
0.147218
0.148882
0.154593
0.163402
0.172344
0.172293
0.175387
0.181172
0.195548
0.196236
0.191632
0.191902
0.192973
0.191163
0.195122
0.191556
0.198969
0.190727
0.191490
0.191638
0.190639
0.191385
0.191215
0.219763
0.200706
0.191128
0.192295
0.193031
0.193193
0.192350
0.194620
0.189933
0.191130
0.192662
0.193032
0.190988
0.191710
0.193464
0.198096
0.191531
0.191110
0.195635
0.191689
0.192119
0.195412
0.199577
0.192526
0.192090
0.192719
0.191531
0.193298
0.191808
0.199457
0.191269
0.192581
0.191296
0.191235
0.191923
0.190276
0.191655
0.190785
0.196170
0.192381
0.191177
0.196462
0.191668
0.189751
0.190851
0.192550
0.191435
0.190764
0.191107
0.191851
0.191347
0.191344
0.190574
0.192933
0.191702
0.190281
0.193393
0.194057
0.191690
0.194620
0.195663
0.191392
0.193918
0.191669
0.191324
0.195701
0.191938
0.221730
0.191618
0.211857
0.192058
0.192281
0.191548
0.191078
0.192290
