0.077020
0.028111
0.039519
0.035826
0.064580
0.036757
0.047665
0.038523
0.039479
0.060698
0.039384
0.074751
0.037251
0.037939
0.055215
0.037224
0.074972
0.039936
0.120290
0.123803
0.130660
0.133828
0.139246
0.147021
0.150787
0.156089
0.181934
0.166039
0.173161
0.190425
0.179850
0.187698
0.216327
0.214345
0.190782
0.194417
0.197116
0.191974
0.190592
0.192703
0.198996
0.189694
0.193431
0.262352
0.189602
0.202193
0.190101
0.191667
0.190399
0.197901
0.196307
0.218645
0.190614
0.207005
0.191495
0.207343
0.193294
0.333843
0.193354
0.191381
0.190540
0.193418
0.192136
0.191022
0.353884
0.204647
0.204053
0.201705
0.191065
0.191859
0.191035
0.192035
0.190763
0.191866
0.192149
0.191375
0.191057
0.190590
0.194018
0.190430
0.192434
0.190703
0.191865
0.194502
0.191116
0.193282
0.193101
0.215877
0.191498
0.190140
0.206834
0.200056
0.200419
0.202800
0.201041
0.200648
0.192595
0.199737
0.209265
0.197064
0.199983
0.199935
0.194880
0.200115
0.197157
0.198432
0.200354
0.198591
0.201934
0.241441
0.198641
0.217807
0.194853
0.206977
0.216763
0.197954
0.203101
0.204565
0.209255
0.210802
0.209654
0.213806
0.219238
0.230505
0.488894
0.192583
0.202543
0.205420
0.201540
0.238887
0.211807
0.320655
0.194336
0.320587
0.210325
0.214251
0.212435
0.236877
0.235940
0.212364
0.525410
0.427056
0.428789
0.381750
0.194530
0.209424
0.195035
0.194516
0.207439
0.192281
0.192876
