0.097969
0.029685
0.039228
0.040363
0.037696
0.038631
0.037870
0.041271
0.039633
0.038637
0.039949
0.041109
0.039407
0.049240
0.041007
0.042700
0.044544
0.040787
0.145771
0.124156
0.132605
0.135921
0.138997
0.147181
0.149077
0.155060
0.162229
0.165361
0.172491
0.174569
0.189371
0.186132
0.190330
0.214350
0.191762
0.191491
0.198319
0.191159
0.190358
0.193172
0.191314
0.204271
0.191593
0.192140
0.190846
0.191860
0.191268
0.191885
0.192447
0.190229
0.192234
0.191310
0.191566
0.191111
0.190089
0.191245
0.191497
0.192113
0.191720
0.193169
0.191419
0.190989
0.192931
0.192606
0.191861
0.203172
0.191566
0.193186
0.191154
0.191760
0.191831
0.191444
0.192820
0.192104
0.192139
0.192780
0.191069
0.191265
0.192484
0.190616
0.190510
0.194371
0.192948
0.191530
0.191141
0.190145
0.193105
0.190974
0.193609
0.192518
0.192793
0.191954
0.191262
0.191596
0.195057
0.192274
0.190669
0.190911
0.193224
0.191641
0.193335
0.215248
0.190890
0.192067
0.190962
0.192269
0.207103
0.222778
0.192038
0.191564
0.191871
0.195114
0.195156
0.190731
0.195373
0.192035
0.194194
0.206926
0.199477
0.205486
0.194555
0.193010
0.193271
0.202652
0.190424
0.190981
0.191675
0.193566
0.209464
0.193816
0.192599
0.191999
0.193463
0.192282
0.205382
0.194635
0.205131
0.192008
0.200264
0.192216
0.192296
0.191201
0.192131
0.192334
0.199207
0.191102
0.191371
0.195273
0.191349
0.190622
0.192639
0.191888
0.191780
0.190858
0.192797
0.194463
0.191186
0.191249
0.216444
0.192540
0.192094
0.201359
0.194339
0.192480
0.195356
0.194327
0.202499
0.193150
0.212262
0.191962
0.231062
0.193775
