0.127724
0.031990
0.043349
0.070050
0.042206
0.043904
0.040578
0.045443
0.040423
0.082801
0.039842
0.043879
0.037886
0.040026
0.082227
0.039449
0.041703
0.039407
0.120595
0.123373
0.131311
0.135371
0.137571
0.149571
0.157782
0.155642
0.162288
0.165858
0.172731
0.176405
0.181336
0.190486
0.191573
0.192778
0.197569
0.193519
0.193561
0.193898
0.192505
0.190709
0.205482
0.191376
0.195551
0.195695
0.204592
0.194447
0.193013
0.203352
0.223623
0.191586
0.192022
0.191047
0.192745
0.193891
0.191082
0.192709
0.191574
0.192666
0.200404
0.206485
0.190902
0.190999
0.191450
0.203865
0.192266
0.191302
0.201752
0.192915
0.195880
0.201601
0.192151
0.193409
0.197532
0.194028
0.194296
0.192464
0.193561
0.191993
0.192427
0.196585
0.192801
0.214473
0.194109
0.216877
0.191719
0.193640
0.192187
0.191641
0.193099
0.194750
0.192536
0.194226
0.192177
0.193280
0.191569
0.194309
0.192320
0.192231
0.198549
0.191638
0.191936
0.193469
0.197627
0.192508
0.196002
0.190857
0.193080
0.191846
0.193317
