0.095598
0.031755
0.055489
0.040184
0.045763
0.036850
0.039214
0.052824
0.042109
0.039294
0.040456
0.040198
0.046752
0.077025
0.044905
0.042472
0.042948
0.039623
0.129725
0.134065
0.130024
0.137191
0.138719
0.145518
0.148875
0.155941
0.162770
0.166045
0.182207
0.176154
0.182464
0.188483
0.191534
0.191477
0.193247
0.209338
0.193496
0.190347
0.192196
0.192436
0.196568
0.205918
0.192529
0.196439
0.190897
0.191695
0.192374
0.192212
0.191697
0.193085
0.192197
0.193122
0.194238
0.193384
0.191754
0.191579
0.210316
0.192058
0.197669
0.195662
0.192082
0.192366
0.193146
0.192416
