0.069299
0.024595
0.030674
0.046881
0.033351
0.031574
0.035525
0.033677
0.032317
0.034566
0.044019
0.054820
0.033581
0.033797
0.034187
0.035707
0.036940
0.045753
0.117982
0.121714
0.137146
0.134559
0.137265
0.144682
0.148995
0.153768
0.159678
0.163388
0.168540
0.174899
0.182561
0.193070
0.192177
0.189967
0.190643
0.191941
0.190515
0.191320
0.189875
0.190120
0.195640
0.198140
0.191320
0.189285
0.191067
0.188593
0.192035
0.189691
0.189922
0.195741
0.224368
0.198191
0.200703
0.190176
0.189765
0.190644
0.191129
0.196568
0.192211
0.192257
0.189172
0.199650
0.188745
0.190773
0.191530
0.191260
0.189089
0.188617
0.190864
0.220412
0.192894
0.218149
0.199809
0.191111
0.190350
0.306212
0.195434
0.190610
0.192723
0.194429
0.191908
0.192842
0.189751
0.188973
0.190250
0.205557
0.205075
0.189181
0.189606
0.190203
0.190243
0.221219
0.189932
0.191080
0.189926
0.189426
0.192035
0.191842
0.189460
0.190076
0.190652
