0.099465
0.032570
0.038149
0.043315
0.037108
0.042638
0.038084
0.041691
0.052064
0.039002
0.043014
0.042845
0.049012
0.067829
0.037907
0.037550
0.042741
0.040998
0.140097
0.123127
0.131713
0.160333
0.170229
0.146878
0.150523
0.155454
0.315126
0.166223
0.171062
0.391920
0.181165
0.217302
0.704824
0.196799
0.359294
0.197167
0.192301
0.206419
0.193568
0.196281
0.192346
0.191476
0.200007
0.207551
0.191978
0.192219
0.196856
0.191088
0.190749
0.191013
0.189880
0.199071
0.193752
0.196280
0.194766
0.212344
0.239459
0.219048
0.206095
0.222012
0.230860
0.226195
0.218121
0.224529
0.220212
0.236174
0.237242
0.239367
0.230302
0.234512
0.228409
0.227671
0.218086
0.231405
0.220385
0.223027
0.216246
0.214715
0.191233
0.191661
0.191484
0.193685
0.191721
0.191269
0.197787
0.192518
0.216814
0.191987
0.200694
0.203338
0.193149
0.194020
0.191386
0.195568
0.192028
0.190949
0.191291
0.195923
0.195922
0.191550
0.204997
0.202077
0.209814
0.222685
0.228920
0.233807
0.210281
0.222172
0.234503
0.197952
0.198592
0.190680
0.191578
0.191736
0.192298
0.190696
0.192654
0.203033
0.192275
0.190660
0.189917
0.191474
0.190593
0.193924
0.191887
0.194314
0.190892
