0.105832
0.032177
0.067438
0.058244
0.039615
0.042850
0.045084
0.053672
0.038730
0.040982
0.038857
0.043049
0.039432
0.040353
0.042896
0.040096
0.062142
0.040611
0.122339
0.123128
0.131356
0.135499
0.141848
0.146145
0.157749
0.155190
0.174196
0.166091
0.170938
0.177062
0.180816
0.195617
0.192525
0.204154
0.197887
0.191635
0.195064
0.197959
0.193384
0.191263
0.197518
0.200884
0.192402
0.191520
0.192634
0.196301
0.196618
0.194910
0.194042
0.193156
0.192490
0.192488
0.203890
0.191951
0.195274
0.193244
0.192719
0.191509
0.199713
0.214833
0.194209
0.210431
0.191621
0.216141
0.192342
0.210253
0.192062
0.213825
0.205389
0.193057
0.213328
0.191540
0.202068
0.199875
0.200569
0.197631
0.227790
0.238146
0.203748
0.191052
0.191966
0.192675
0.194738
