0.108705
0.031058
0.050080
0.042395
0.072145
0.040327
0.039191
0.038643
0.045616
0.040278
0.043168
0.037439
0.047914
0.058192
0.059083
0.055669
0.040348
0.042245
0.119716
0.132340
0.140435
0.135724
0.142295
0.151541
0.192137
0.155395
0.162695
0.168015
0.170716
0.178237
0.181581
0.199174
0.193910
0.194260
0.198431
0.194822
0.195829
0.192827
0.193224
0.194279
0.198790
0.191576
0.192345
0.196403
0.206249
0.194314
0.250553
0.244624
0.216943
0.198038
0.191492
0.198721
0.214816
0.194028
0.191221
0.193524
0.192128
0.193485
0.192599
0.198003
0.204509
0.192736
0.191505
0.194119
0.202628
0.232475
0.203688
0.192484
0.192084
0.192533
0.199961
0.192447
0.195956
0.211678
0.191475
0.192019
0.192029
0.192301
0.222163
0.211742
0.202117
0.194433
0.191295
0.224770
0.191849
0.243268
0.273014
0.192358
0.192725
0.191664
0.194310
0.191264
0.240856
0.193710
0.191353
0.192321
0.192705
0.203141
0.191917
0.229059
0.198368
0.193175
0.191802
0.207412
0.194469
0.197342
0.193281
0.194574
0.190970
0.193311
0.192257
0.191851
0.193577
0.191962
0.192081
0.220883
0.200582
0.191734
0.192182
0.235523
0.213013
0.208473
0.191368
0.191426
0.194167
0.191236
0.192092
