0.083121
0.038170
0.041369
0.051584
0.042952
0.040419
0.042120
0.056365
0.059169
0.053059
0.055076
0.041541
0.043274
0.040803
0.047446
0.058461
0.045340
0.043873
0.122139
0.125086
0.134898
0.139078
0.138827
0.156838
0.149939
0.182723
0.166170
0.166485
0.172086
0.186110
0.185795
0.189442
0.192530
0.194287
0.211366
0.198388
0.192254
0.213844
0.219630
0.190685
0.197272
0.192913
0.190263
0.191069
0.191797
0.196009
0.204353
0.190884
0.193110
0.192164
0.191854
0.200573
0.208654
0.198968
0.192517
0.190885
0.197932
0.192506
0.194776
0.216130
0.202919
0.203853
0.194261
0.231739
0.206800
0.222204
0.204983
0.192116
0.193472
0.191420
0.193056
0.192689
0.191012
0.198299
0.191397
0.199115
0.193736
0.192266
0.191464
0.192087
0.195989
0.194015
0.195799
0.192249
0.202795
0.193773
0.192835
0.192086
0.191369
0.193407
0.193264
0.193605
0.192579
0.203615
0.191155
0.191037
0.199855
0.197045
0.190974
0.193234
0.190902
