0.077713
0.030240
0.039481
0.047403
0.067676
0.095392
0.072252
0.052037
0.040475
0.046708
0.039320
0.037297
0.042577
0.042797
0.067022
0.050154
0.053292
0.055650
0.124615
0.130658
0.133303
0.138423
0.142735
0.148571
0.150508
0.156074
0.165715
0.166090
0.173727
0.176426
0.191030
0.190084
0.192116
0.191504
0.200746
0.197218
0.195076
0.202810
0.192228
0.192129
0.194120
0.193380
0.196061
0.191753
0.270523
0.193445
0.198144
0.193022
0.192363
0.227761
0.221357
0.194874
0.198158
0.195671
0.194600
0.195989
0.192330
0.244697
0.202156
0.257095
0.202089
0.206084
0.208796
0.192685
0.192836
0.191949
0.197210
0.203333
0.238914
0.191808
0.191780
0.201150
0.197026
0.198015
0.195377
0.192353
0.223919
0.214156
0.192446
0.208021
0.196537
0.192792
0.198216
0.191611
0.191077
0.192083
0.193643
0.221618
0.193038
0.190845
0.195081
0.190425
0.235554
