0.067467
0.027425
0.034544
0.030723
0.030361
0.031735
0.034196
0.030704
0.031203
0.030464
0.030980
0.033581
0.032434
0.033123
0.046413
0.035332
0.037405
0.056849
0.126905
0.121000
0.129573
0.133414
0.137913
0.153241
0.148680
0.164634
0.161642
0.165193
0.197807
0.174999
0.178455
0.185950
0.221056
0.190407
0.189838
0.190397
0.190815
0.190551
0.191205
0.188971
0.190161
0.189511
0.190672
0.189663
0.189966
0.193210
0.189230
0.192637
0.192398
0.189485
0.194520
0.199442
0.190013
0.191147
0.190216
0.202333
0.189462
0.189109
0.199501
0.192416
0.189077
