0.097476
0.052306
0.039315
0.037810
0.038280
0.038743
0.041354
0.040472
0.039023
0.039956
0.038168
0.038847
0.038789
0.041138
0.037893
0.040828
0.039550
0.040584
0.120388
0.122305
0.130451
0.136204
0.156348
0.174044
0.183616
0.156222
0.162999
0.165876
0.187140
0.177276
0.182567
0.189678
0.191621
0.191266
0.191880
0.200168
0.190922
0.200760
0.213269
0.191853
0.194646
0.192081
0.192014
0.191392
0.191892
0.190849
0.192248
0.190844
0.192465
0.194809
0.192067
0.193076
0.191990
0.199281
0.191811
0.194116
0.191736
0.192857
0.193114
0.192012
0.193623
0.191898
0.191265
0.206642
0.193577
0.193936
0.191041
0.205074
0.194781
0.192412
0.194093
0.192797
0.195173
0.214502
0.192339
0.205149
0.191675
0.191958
0.217603
0.193354
0.192251
0.191539
0.191157
0.193082
0.191923
0.191259
0.191088
0.221055
0.193091
0.196660
0.200922
0.193974
0.206452
0.192452
0.197029
0.192182
0.198632
0.191920
0.192665
0.192559
0.192771
0.194853
0.199978
0.196898
0.191633
0.301565
0.200363
0.190893
0.203400
0.192373
0.192428
0.220924
0.192184
0.206435
0.201940
0.191377
0.198113
0.193993
0.189951
0.192325
0.191541
0.192179
0.192940
0.193253
0.192614
0.192136
0.215487
0.224580
0.192316
0.191689
0.193265
0.191756
