0.095288
0.030800
0.036829
0.043169
0.040701
0.038011
0.036396
0.040512
0.054271
0.039328
0.040457
0.040933
0.039776
0.040499
0.040953
0.037240
0.037122
0.038100
0.118990
0.121516
0.129570
0.134024
0.137883
0.144905
0.149086
0.154185
0.161035
0.165485
0.171344
0.178316
0.190250
0.197554
0.190998
0.190607
0.191467
0.189096
0.190268
0.191588
0.189824
0.190388
0.191709
0.192280
0.190254
0.191379
0.190451
0.189763
0.190249
0.204631
0.190820
0.195949
0.191408
0.191540
0.189549
0.191759
0.189665
0.189771
0.189686
0.189615
0.190905
0.189412
0.190345
0.192595
0.191895
0.189365
0.190560
0.190331
0.190156
0.190284
0.189192
0.190814
0.191503
0.292830
0.190697
0.189659
0.228984
0.190767
0.190215
0.190120
0.190043
0.189759
0.190047
0.189684
0.189787
0.190894
0.191223
0.195024
0.304373
0.194700
0.191214
0.190605
0.189988
0.189934
0.189448
0.189921
0.189332
0.191175
0.190665
0.191091
0.189712
0.201723
0.190882
0.190095
0.189620
0.189745
0.192131
0.190728
0.189551
0.190492
0.190608
0.190157
0.192221
0.189865
0.189751
0.191569
0.190135
0.189109
0.190073
0.191966
0.190443
0.190916
0.197085
0.189735
0.191256
0.191774
0.190457
0.194741
0.190252
0.189276
0.190669
0.192184
0.194639
0.207560
0.190430
0.194247
0.196390
0.200189
0.190200
0.192296
0.196141
0.193223
0.190856
0.205194
0.192058
0.192250
0.191871
0.201332
0.194557
0.190184
0.192010
0.194203
0.191081
0.191821
0.193388
0.193376
0.192137
0.192097
0.191700
0.191339
0.190449
0.192582
0.190337
