0.106623
0.030836
0.037681
0.039343
0.040082
0.039623
0.038068
0.037629
0.038970
0.038208
0.039582
0.038379
0.040670
0.036642
0.040616
0.038016
0.040117
0.041682
0.118929
0.124282
0.130959
0.134400
0.138223
0.146287
0.148796
0.154957
0.162340
0.165876
0.171818
0.175589
0.180959
0.186939
0.192003
0.190461
0.192102
0.191965
0.192082
0.192208
0.191399
0.192044
0.190705
0.191191
0.191168
0.192148
0.192441
0.197817
0.192244
0.192590
0.192248
0.192346
0.191241
0.192095
0.191882
0.191633
0.190309
0.191472
0.191910
0.191294
0.193142
0.190836
0.191973
0.191899
0.192155
0.192351
0.193365
0.194196
0.191924
0.192042
0.191383
0.213590
0.192340
0.192003
0.191534
0.191616
0.191041
0.190439
0.191855
0.190595
0.190327
0.190513
0.191329
0.191401
0.192517
0.189754
0.192522
0.191313
0.200425
0.193130
0.191626
0.189654
0.191252
0.191950
0.193217
0.192062
0.191209
0.191370
0.191123
0.192369
0.190911
0.190928
0.191965
