0.067895
0.024278
0.040196
0.036263
0.031382
0.031274
0.032291
0.047812
0.031055
0.035286
0.032402
0.048905
0.035944
0.033887
0.034844
0.044071
0.036294
0.036998
0.118425
0.130816
0.129877
0.133171
0.138081
0.148930
0.147768
0.154151
0.161530
0.165109
0.170088
0.176006
0.179902
0.186193
0.191146
0.192024
0.189819
0.190844
0.190523
0.191269
0.190327
0.190551
0.191140
0.208633
0.191618
0.190125
0.206409
0.192098
0.190304
0.188405
0.189778
0.189478
0.189111
0.191195
0.203998
0.190248
0.188817
0.190223
0.198081
0.190547
0.190237
0.191965
0.191837
0.191933
0.190940
0.191787
0.190691
0.189092
0.190172
0.189565
0.191822
0.190217
0.190353
0.189186
0.239024
0.192000
0.189692
0.191013
0.190637
0.191338
0.192520
0.190885
0.193861
0.189254
0.189295
0.189513
0.190337
0.189792
0.200308
0.189953
0.190286
0.195971
0.210662
0.190104
0.201333
0.190369
0.204856
0.189844
0.190478
0.190218
0.189177
0.190054
0.191772
0.190670
0.189607
0.191456
0.207458
0.192473
0.190711
0.191092
0.191834
0.193214
0.191201
0.195189
0.191365
