0.083858
0.032595
0.046465
0.035131
0.048590
0.041358
0.035526
0.038105
0.036000
0.037481
0.037519
0.037760
0.042674
0.038118
0.038724
0.054025
0.038897
0.039775
0.119408
0.123399
0.130431
0.134806
0.142451
0.145965
0.167058
0.155136
0.162808
0.165931
0.171208
0.191362
0.180506
0.190836
0.191854
0.195750
0.192146
0.193559
0.191239
0.191195
0.191310
0.190457
0.191044
0.191398
0.200389
0.191422
0.191434
0.191690
0.204700
0.197782
0.191924
0.190210
0.200814
0.191845
0.193588
0.191673
0.195981
0.191606
0.194281
0.191806
0.197458
0.194384
0.191606
0.195442
0.190745
0.190742
0.190511
0.191005
0.192440
0.191094
0.191920
0.191769
0.191711
0.191972
0.212582
0.191479
0.191094
0.190494
0.190627
0.191090
0.189499
0.189894
0.189434
0.190653
0.190453
0.189715
0.191382
0.189827
