0.220211
0.042269
0.039992
0.046588
0.047556
0.046954
0.039211
0.041445
0.042649
0.048870
0.041754
0.044125
0.039905
0.041601
0.053129
0.048179
0.041341
0.041933
0.152816
0.138160
0.143688
0.134840
0.140945
0.147342
0.158633
0.155888
0.162239
0.168307
0.175565
0.175930
0.182599
0.187150
0.192592
0.192406
0.192379
0.191522
0.191375
0.193000
0.192153
0.191422
0.193088
0.205232
0.233936
0.193773
0.194846
0.192638
0.199618
0.194448
0.194551
0.194772
0.197269
0.191412
0.214281
0.195049
0.192836
0.193852
0.194859
0.191011
0.190713
0.218513
0.195028
0.194189
0.191379
0.192163
0.191633
0.215640
0.192242
0.198045
0.191323
0.250626
0.191748
0.192913
0.193624
0.197367
0.192223
0.191273
0.192628
0.190684
0.191018
0.208841
0.193913
0.198337
0.200905
0.191495
0.201710
0.193304
0.192992
0.196657
0.192587
0.201897
0.196398
0.193472
0.194401
0.195793
0.195608
0.192630
0.195049
0.191735
0.192418
0.190557
0.191807
0.201028
0.192482
0.193414
0.191367
0.198046
0.201363
0.196306
0.193026
0.263909
0.192470
0.199242
0.193084
0.191223
0.191911
0.200227
