0.089333
0.034878
0.040750
0.038615
0.038537
0.041965
0.038105
0.044400
0.042447
0.050084
0.073725
0.057823
0.068149
0.051628
0.041312
0.041703
0.041567
0.066095
0.150007
0.126646
0.135936
0.136673
0.138581
0.149051
0.148994
0.156867
0.162633
0.165068
0.171024
0.178246
0.182708
0.186781
0.200822
0.196652
0.193394
0.191838
0.192909
0.190974
0.190559
0.193245
0.194895
0.192734
0.190620
0.191342
0.200158
0.195327
0.192591
0.191643
0.191926
0.191263
0.191381
0.192716
0.194622
0.191120
0.191406
0.193610
0.197796
0.192464
0.191873
0.190416
0.193543
0.193137
0.194161
0.197070
0.193986
0.193583
0.191531
0.198525
0.193688
0.192394
0.195409
0.195081
0.192042
0.193822
0.191929
0.195128
0.191247
0.192600
0.195061
0.204503
0.193079
