0.092020
0.030979
0.060730
0.037911
0.037415
0.038772
0.037993
0.040500
0.040945
0.040395
0.039990
0.056546
0.045444
0.037300
0.047374
0.039222
0.040195
0.038442
0.119600
0.125343
0.129697
0.134652
0.138216
0.147244
0.147879
0.158003
0.164111
0.175326
0.199133
0.176272
0.181773
0.187757
0.190902
0.190929
0.190448
0.191617
0.204218
0.193771
0.192089
0.191350
0.204902
0.191170
0.192946
0.190269
0.190016
0.195131
0.190889
0.214500
0.193915
0.193375
0.193794
0.191693
0.195058
0.287416
0.331306
0.191800
0.195716
0.420482
0.198357
0.191238
0.199002
0.192097
0.191048
0.194539
0.194108
0.191537
0.192870
0.190910
0.206700
0.191724
0.190136
0.194630
0.190362
0.191496
0.192148
0.191651
0.212549
0.194045
0.193004
0.192126
0.195869
0.461879
0.195279
0.194432
0.238959
0.193187
0.204915
0.193067
0.194286
0.199134
0.192551
0.191741
0.191861
0.190536
0.192966
0.191633
0.193362
0.203178
0.237325
0.200538
0.192571
0.192124
0.198601
0.199545
0.198622
0.192542
0.233185
0.194310
0.196256
0.205844
0.191519
0.191480
0.191600
0.191602
0.192531
0.191589
0.191447
0.195383
0.202404
0.243121
0.220351
0.197290
0.191036
0.192774
0.191000
0.191772
0.192105
0.191804
0.203163
0.194070
0.191894
0.204480
0.189570
0.190716
0.202846
0.192125
0.190516
0.190311
0.202330
0.190340
0.189920
0.190756
0.204064
0.191219
0.190254
0.190426
0.203547
0.194636
0.191108
0.207170
0.193899
0.197749
0.190878
0.191473
0.198472
0.194406
0.192492
0.191623
0.191168
0.190709
0.192668
0.191017
0.212030
0.198625
0.192561
0.191640
0.227023
0.193320
0.333774
0.201005
0.191901
0.191296
0.191939
0.197060
0.192826
0.194877
0.192364
0.234893
0.194342
0.192630
0.191773
0.191849
0.190886
0.191758
0.194891
0.192173
0.190773
0.192961
0.192828
