0.097563
0.033607
0.036856
0.039528
0.039617
0.039600
0.039006
0.038370
0.039717
0.038431
0.038616
0.036851
0.037230
0.037860
0.041520
0.038668
0.038319
0.041166
0.119668
0.121777
0.131560
0.133646
0.137309
0.146549
0.147747
0.155435
0.161714
0.172129
0.171049
0.175606
0.180518
0.198829
0.193569
0.191846
0.190710
0.190557
0.191551
0.191864
0.190315
0.191268
0.193074
0.193362
0.199301
0.192493
0.191942
0.191933
0.191912
0.196248
0.191740
0.190963
0.193705
0.191226
0.190880
0.191597
0.190960
0.191414
0.194199
0.190974
0.192133
0.190201
0.198951
0.190086
0.192383
0.190499
0.191831
0.190489
0.192591
0.195111
0.191706
0.191496
0.193572
0.192081
0.192232
0.207361
0.193689
0.193568
0.209019
0.192299
0.192315
0.197940
0.191709
0.190945
0.192964
0.190274
0.191747
0.192553
0.192672
0.193791
0.214779
0.193122
0.192221
0.191883
0.191430
0.192004
0.192214
0.192202
0.195157
0.192449
0.192305
0.191891
0.205932
0.192460
0.197267
0.190641
