0.078994
0.039051
0.045895
0.042924
0.041021
0.047961
0.038845
0.056014
0.056948
0.051673
0.049939
0.044383
0.041767
0.044442
0.040339
0.039285
0.039890
0.041718
0.120220
0.132857
0.132622
0.134567
0.139594
0.149396
0.159189
0.166369
0.167596
0.165766
0.171530
0.185094
0.186276
0.190262
0.192020
0.193301
0.207705
0.192502
0.193233
0.193230
0.192748
0.191905
0.191884
0.192163
0.211055
0.192353
0.222642
0.190862
0.192175
0.191441
0.191510
0.196253
0.195362
0.203089
0.192342
0.193646
0.193120
0.192082
0.216373
0.193514
0.193074
0.201959
0.191553
0.193940
0.193240
0.207036
0.346683
0.205112
0.221396
0.192433
0.255068
0.192657
0.340026
0.232887
0.192121
0.260634
0.199843
0.202554
0.195446
0.418055
0.218934
0.193168
0.205019
0.198051
0.200006
0.191870
0.373465
0.203651
0.243769
0.288092
0.214180
0.245874
0.194408
0.195461
0.202052
0.329570
0.199084
0.195580
0.192685
0.192672
0.191974
0.192125
0.197478
0.210807
0.285681
0.198828
0.198602
0.191268
0.192004
0.194008
0.196365
0.191131
0.194062
0.191516
0.192648
0.191448
0.191198
0.189605
0.191873
0.191840
0.199177
0.196126
0.191418
0.193418
0.202157
0.207280
0.200541
0.193322
0.191086
0.190705
0.191734
0.191341
0.193097
0.193496
0.194888
0.192950
0.192104
0.215529
0.191696
0.192274
0.191269
0.191188
0.191767
0.192725
0.192312
0.191081
0.190315
0.198844
0.190840
0.191735
0.226508
0.191145
0.191617
0.202214
0.191961
0.191266
0.193267
0.191080
0.192636
0.196936
0.201231
0.218779
0.204999
0.191439
0.207256
0.191751
0.195663
0.192905
0.191171
0.191012
0.191561
0.193881
0.211154
0.211699
0.191947
0.191694
0.192540
0.206676
0.192498
0.192746
0.192081
0.191073
0.192515
0.192135
