0.093052
0.031465
0.036169
0.038547
0.036203
0.085320
0.037148
0.037015
0.045935
0.037847
0.037508
0.036890
0.036730
0.034731
0.079802
0.043480
0.041215
0.039459
0.125255
0.124233
0.132358
0.137295
0.138400
0.147279
0.149469
0.156723
0.162317
0.165764
0.172283
0.190140
0.180042
0.205352
0.191829
0.193632
0.205167
0.193449
0.194336
0.191576
0.192122
0.192642
0.190382
0.191882
0.195375
0.192415
0.192007
0.191302
0.194534
0.222690
0.193552
0.195040
0.197006
0.195160
0.195681
0.191232
0.192507
0.193342
0.198678
0.199145
0.191369
0.192293
0.192353
0.193927
0.191597
0.192322
0.190817
0.191069
0.190389
0.192356
0.191448
0.199054
0.196866
0.191681
0.192554
0.190301
0.191082
0.197606
0.202039
0.191708
0.192525
0.191215
0.192070
0.193530
0.194375
0.191520
0.191257
0.192085
0.191704
0.204804
0.194392
0.190268
0.191467
0.193525
0.191808
0.192094
0.192652
0.214233
0.191098
0.189563
0.191628
0.191934
0.191513
