0.091190
0.030589
0.056947
0.038513
0.037791
0.039930
0.044297
0.063184
0.039340
0.039702
0.039974
0.043787
0.053365
0.044175
0.052516
0.040053
0.038153
0.045918
0.122943
0.123054
0.131023
0.134200
0.150819
0.146311
0.148708
0.155599
0.162137
0.166344
0.171895
0.178960
0.181273
0.186409
0.191019
0.214566
0.192914
0.191933
0.190525
0.191083
0.191053
0.191698
0.190421
0.191896
0.191108
0.191722
0.191338
0.191111
0.191205
0.210594
0.191702
0.216830
0.191230
0.191447
0.190320
0.191054
0.191834
0.192826
0.190828
0.192326
0.192303
0.192756
0.191466
0.203237
0.190865
0.192625
0.191331
0.192514
0.195508
0.201554
0.191814
0.191318
0.190324
0.191811
0.191911
0.204861
0.191773
0.191133
0.191186
0.190947
0.193132
0.190608
0.191725
0.191028
0.192683
0.192583
