0.084094
0.028409
0.037996
0.035673
0.036664
0.034961
0.040052
0.034602
0.032407
0.037598
0.037550
0.037970
0.034477
0.036875
0.036575
0.036592
0.044751
0.038157
0.119073
0.123246
0.129980
0.137309
0.151471
0.145355
0.161267
0.155189
0.162737
0.166622
0.171674
0.175912
0.181299
0.187294
0.189955
0.194605
0.193467
0.191754
0.192148
0.226635
0.191897
0.191143
0.189771
0.197912
0.191376
0.191383
0.192433
0.191859
0.191162
0.194656
0.195592
0.195117
0.190384
0.198802
0.190689
0.192834
0.190693
0.191240
0.190136
0.201749
0.190636
0.192937
0.194013
0.189922
0.191322
0.192441
0.190246
0.190670
0.190116
0.191955
0.190184
0.191085
0.191084
0.190522
0.189479
0.221128
0.190202
0.190042
0.192193
0.191060
0.190880
0.191252
0.190979
0.190860
0.190625
0.191744
0.190111
0.193564
0.190269
0.196187
0.190119
0.191870
0.190025
0.190151
0.197353
0.189674
