0.069382
0.028631
0.045995
0.031471
0.036097
0.034611
0.031724
0.034547
0.047563
0.032127
0.032152
0.044990
0.033340
0.033548
0.034970
0.035385
0.036775
0.038430
0.117423
0.120816
0.131145
0.134169
0.137565
0.145588
0.159827
0.153815
0.194536
0.168910
0.170634
0.174135
0.178679
0.184577
0.193850
0.190645
0.193119
0.192201
0.193126
0.189506
0.190272
0.190693
0.190906
0.190963
0.190089
0.191881
0.191289
0.189261
0.189384
0.190867
0.189253
0.202125
0.190640
0.190214
0.200325
0.198438
0.188629
0.190260
0.189754
0.189069
