0.105745
0.030199
0.041060
0.039856
0.040060
0.036940
0.039742
0.040251
0.038085
0.083366
0.038043
0.039382
0.039777
0.037541
0.050270
0.038890
0.038923
0.038690
0.149080
0.124036
0.130723
0.135239
0.153048
0.147232
0.172237
0.161118
0.164088
0.171131
0.185225
0.177938
0.189476
0.188557
0.196143
0.205569
0.192592
0.192867
0.213238
0.193216
0.191873
0.191406
0.193763
0.192441
0.193901
0.192310
0.192225
0.192526
0.194786
0.191773
0.191876
0.192647
0.192127
0.190614
0.191574
0.191740
0.192829
0.193263
0.207974
0.194921
0.192070
0.191888
0.193019
0.200798
0.193876
0.191801
0.197322
0.192423
0.192465
0.193853
0.208708
0.192130
0.191364
0.194275
0.195011
0.194453
0.216145
0.198408
0.260272
0.191909
0.191559
0.192034
0.199110
0.199208
0.192736
0.192138
0.210706
0.191523
0.194231
0.192672
0.194132
0.190531
0.191629
0.206688
0.191465
0.194135
0.193886
0.202449
0.192268
0.192844
0.213829
0.193668
0.192248
