0.087060
0.030966
0.038652
0.052917
0.042525
0.039483
0.037680
0.038041
0.038600
0.044015
0.037605
0.058662
0.044898
0.042470
0.052853
0.061895
0.049893
0.046294
0.119385
0.123068
0.131273
0.135191
0.152856
0.148843
0.150733
0.155658
0.176000
0.166304
0.170278
0.176783
0.182089
0.234936
0.193339
0.190607
0.191869
0.192687
0.206416
0.191344
0.192948
0.194827
0.192190
0.190482
0.200065
0.191939
0.191999
0.218171
0.198629
0.193135
0.211205
0.193218
0.191471
0.193522
0.193112
0.192183
0.193352
0.192343
0.201307
0.206115
0.207440
0.191913
0.191236
0.194109
0.192397
0.191566
0.192205
0.193230
0.191429
0.192852
0.214539
0.192984
0.191459
0.190829
0.197111
0.192090
0.199477
0.206271
0.191070
0.205386
0.210058
0.191835
0.191976
0.190850
0.192453
0.191128
0.194045
0.192768
0.192261
0.189926
0.192350
0.191018
0.191487
0.190713
0.191739
0.193720
0.191477
0.192330
0.192750
0.196624
0.191328
0.191755
0.192172
0.191575
