0.065422
0.024750
0.038937
0.035956
0.033672
0.039336
0.047707
0.036006
0.030714
0.042299
0.036733
0.033634
0.061818
0.033652
0.034482
0.037176
0.037310
0.037530
0.117805
0.121732
0.130034
0.133676
0.137836
0.143613
0.149741
0.154563
0.161183
0.164408
0.170700
0.174680
0.178860
0.191458
0.189165
0.189791
0.190106
0.188576
0.189307
0.204786
0.190230
0.188879
0.191474
0.192174
0.191535
0.190827
0.189181
0.191197
0.189111
0.190186
0.190870
0.190613
0.190617
0.192043
0.191483
0.190586
0.191963
0.208164
0.191115
0.191260
0.190214
0.204423
0.189167
0.188634
0.189534
0.190212
0.189955
0.190538
0.189925
0.191682
0.197487
0.189435
0.197221
0.194939
0.194448
0.191167
0.192668
0.206776
0.189996
0.191603
0.219301
0.190837
0.190151
0.190034
0.187690
0.198673
0.189947
0.190105
0.190178
0.189751
0.191037
0.189745
0.207834
0.189333
0.189555
0.201527
0.190670
0.189325
0.195718
