0.071793
0.026604
0.032092
0.033719
0.040968
0.031981
0.031944
0.056528
0.041481
0.031993
0.032020
0.032468
0.034246
0.059174
0.038269
0.036300
0.043263
0.038121
0.118051
0.121136
0.130388
0.134379
0.142797
0.146941
0.149736
0.154833
0.160886
0.164326
0.170064
0.204716
0.179248
0.209005
0.191564
0.190528
0.189768
0.189775
0.190866
0.190027
0.193055
0.192493
0.190856
0.201187
0.189636
0.190460
0.191008
0.190629
0.197801
0.190582
0.191622
0.192160
0.192593
0.191218
0.193253
0.247731
0.189648
0.191499
0.189867
0.201648
0.190930
0.191273
0.189857
0.193443
0.194322
0.188829
0.202193
0.190283
0.190421
0.192049
0.190815
0.190483
0.190131
0.190531
0.190135
0.192184
0.190917
0.191064
0.194105
0.189774
