0.100141
0.031714
0.042056
0.042124
0.043956
0.041802
0.050750
0.045785
0.055151
0.057432
0.092897
0.079421
0.082490
0.085451
0.043669
0.040928
0.044502
0.189866
0.152955
0.125239
0.136752
0.145894
0.145432
0.155470
0.151200
0.167159
0.170692
0.167510
0.180355
0.188564
0.182658
0.188283
0.204265
0.195260
0.194799
0.199979
0.193106
0.195968
0.194757
0.193629
0.193265
0.206690
0.221644
0.192402
0.196744
0.200387
0.197911
0.191243
0.194731
0.194417
0.198639
0.193133
0.193954
0.194421
0.195909
0.192475
0.207668
0.192855
0.202095
0.191416
0.190357
0.190970
0.194024
0.192560
0.197592
0.192902
0.205344
0.199706
0.197637
0.194143
0.198836
0.229620
0.217296
0.194791
0.196211
0.193187
0.210305
0.200699
0.218878
0.193241
0.194819
0.194876
0.192152
0.190323
0.191912
0.193686
