0.097134
0.030721
0.040081
0.041056
0.040858
0.041658
0.040269
0.060039
0.040598
0.045410
0.040825
0.041253
0.064172
0.041500
0.042449
0.044026
0.042556
0.040310
0.120530
0.126931
0.132326
0.141071
0.140888
0.145500
0.149720
0.156544
0.161094
0.166191
0.171011
0.175990
0.180203
0.187551
0.204450
0.192429
0.193248
0.227404
0.193258
0.193090
0.217703
0.192312
0.191714
0.191608
0.195884
0.198377
0.193306
0.194120
0.193506
0.191564
0.191577
0.191608
0.193129
0.197782
0.199416
0.192226
0.192269
0.193522
0.197045
0.192220
0.196697
0.193904
0.223582
0.193103
0.196746
0.191178
0.193941
0.194772
0.191443
0.195815
0.222779
0.197386
0.193996
0.191708
0.210314
0.191696
0.193631
0.216626
0.197548
0.191124
0.191753
0.193343
0.192006
0.192336
0.196407
0.191378
0.195324
0.191672
0.243680
0.221698
0.192282
0.193084
0.227362
0.191180
0.190941
0.197399
0.193894
0.199731
0.193611
0.207423
0.192350
0.220593
0.193012
0.192406
0.197495
0.194285
0.192489
0.198303
0.191745
0.195445
0.192532
0.195675
0.191524
0.191317
0.193022
0.192223
0.192888
0.243977
0.192801
0.193044
0.221660
0.193125
0.191798
0.195164
0.192098
0.192199
0.191912
0.195119
0.191861
0.269031
0.224988
0.215012
0.198107
