0.088035
0.032931
0.035676
0.034448
0.053626
0.036835
0.041801
0.035545
0.037768
0.043054
0.041373
0.035054
0.035790
0.034783
0.035278
0.043091
0.039327
0.042016
0.120002
0.122743
0.132190
0.135583
0.139958
0.147614
0.149958
0.153594
0.162331
0.165766
0.183118
0.184487
0.180357
0.187182
0.191089
0.198162
0.192130
0.196108
0.191218
0.192295
0.191220
0.203567
0.191449
0.190639
0.190226
0.191692
0.190867
0.214933
0.203550
0.191853
0.190922
0.193101
0.190645
0.192461
0.192533
0.201084
0.190544
0.191766
0.191226
0.190049
0.190974
0.229279
0.204084
0.191592
0.191250
0.226828
0.192927
0.190817
0.191804
0.192908
0.191348
0.191312
0.212896
0.195142
0.192056
0.192682
0.207574
0.190630
0.192339
0.190171
0.190805
0.189435
0.189719
0.199011
0.190303
0.196065
0.190256
0.190502
0.190794
0.190705
0.200964
0.213353
0.192341
0.190344
0.189124
0.192043
0.190446
0.191734
0.198058
0.192454
0.205122
0.191008
0.191656
0.194426
0.194284
0.191860
0.192623
0.191590
0.196787
0.203735
0.192248
0.215335
0.189855
0.189404
0.190576
0.189232
0.190369
0.202923
0.190492
0.189505
0.190904
0.190859
0.190938
0.192106
0.194171
0.191345
0.191406
0.191158
0.191544
0.190900
0.195747
0.196351
0.190843
0.215470
0.195635
0.194105
0.199525
0.194504
0.191234
0.203451
0.194350
0.208355
0.191749
0.196383
0.199950
0.192912
0.197931
0.190158
0.203521
0.191919
0.194878
0.210846
0.191480
0.198119
0.198995
0.191497
0.190680
0.193679
0.196229
0.193553
0.193904
0.189607
0.196220
0.191986
0.190523
0.190707
0.191474
0.191373
0.190159
0.196880
0.192130
0.198269
0.201627
0.193774
0.191051
0.191587
0.190526
0.191354
0.190545
0.190453
0.193343
0.190578
0.191292
0.193364
