0.081245
0.030521
0.039801
0.049665
0.050919
0.037968
0.043343
0.040806
0.040825
0.040025
0.044505
0.040606
0.068329
0.042874
0.040268
0.039004
0.067101
0.068604
0.121953
0.162988
0.137021
0.163127
0.139622
0.146048
0.150162
0.155674
0.164673
0.175684
0.172301
0.179581
0.181453
0.187675
0.193624
0.192184
0.196380
0.194789
0.206172
0.212874
0.207019
0.192101
0.290953
0.198700
0.198131
0.193633
0.324140
0.249217
0.308073
0.204470
0.199946
0.284193
0.196782
0.199777
0.264185
0.205966
0.241384
0.259314
0.252110
0.258468
0.276679
0.264392
0.291782
0.208534
0.239733
0.270042
0.266721
0.254793
0.252455
0.199467
0.251978
0.273269
0.269009
0.197248
0.244724
0.203556
0.345303
0.224532
0.604529
0.206510
0.254431
0.222790
0.201710
0.202500
0.287982
0.277574
0.242391
0.197029
0.237611
0.196941
0.199883
0.272143
0.244022
0.197129
0.281677
0.258065
0.216610
0.250898
0.248763
0.307088
0.370284
0.199157
0.204911
0.257211
0.283434
0.239065
0.207654
0.245290
0.213195
0.267646
0.250064
0.238930
0.355527
0.212690
0.199233
0.338949
0.251143
0.247965
0.198784
0.228118
0.264344
0.310351
0.208649
0.274244
0.271314
0.259650
0.204572
0.286917
0.208467
0.277169
0.226298
0.258727
0.227921
0.295518
0.197553
0.306007
0.367165
0.255189
0.209406
0.220103
0.271743
0.224743
0.328137
1.101948
0.200085
0.286982
0.237233
0.214956
0.265742
0.270258
0.273328
0.227386
0.225956
0.221289
0.223746
0.257111
0.236806
0.463428
1.037062
0.452975
0.442627
0.263765
0.231509
0.307606
0.307052
0.334059
0.301471
0.391548
0.252376
0.276481
0.197917
0.273385
0.202501
0.231997
