0.066909
0.041648
0.049042
0.032277
0.031883
0.038317
0.031312
0.031873
0.035724
0.031418
0.030834
0.056797
0.033926
0.033461
0.037167
0.037862
0.036197
0.053095
0.135718
0.148824
0.142655
0.161656
0.169733
0.175928
0.191398
0.183282
0.186023
0.191239
0.204891
0.208033
0.208950
0.219685
0.211237
0.223439
0.217522
0.215466
0.214527
0.192472
0.197675
0.197418
0.223319
0.230679
0.241750
0.221209
0.233874
0.393218
0.190400
0.190045
0.201760
0.190663
0.194369
0.193536
0.200616
0.210201
0.189773
0.189368
0.209091
0.191273
0.193124
0.190785
0.191933
0.189811
0.189518
0.191775
0.191297
0.190788
0.193278
0.191220
0.197774
0.195296
0.192315
0.190947
0.191350
0.193234
0.191835
0.192357
0.189659
0.251566
0.192051
0.189579
0.191033
0.191234
0.190707
0.358986
0.190878
0.192179
0.228994
0.191813
0.196298
0.191453
0.190115
0.197021
0.189750
0.191207
0.190589
0.232223
0.190857
0.190891
0.190649
0.190528
0.208737
0.265945
0.190105
0.191914
0.191399
0.191173
0.210678
0.219043
0.198406
0.196246
0.189737
0.191624
0.192355
0.198289
0.194247
0.193553
0.198389
0.194795
0.200159
0.190833
0.193179
0.194541
