0.067779
0.027825
0.033760
0.032630
0.030904
0.034597
0.033857
0.033813
0.033549
0.042940
0.033488
0.038759
0.040742
0.037754
0.041285
0.047531
0.040256
0.041195
0.130974
0.122619
0.129989
0.133538
0.140645
0.145450
0.150724
0.160332
0.161086
0.165576
0.170813
0.175463
0.180288
0.186849
0.191967
0.241086
0.192813
0.193264
0.192452
0.190328
0.190257
0.194819
0.191844
0.191194
0.193123
0.194239
0.192976
0.192481
0.192096
0.190260
0.190990
0.193486
0.207600
0.198259
0.191475
0.192997
0.193184
0.189739
0.190439
0.190236
0.190049
0.189567
0.191220
0.194916
0.190241
0.190686
0.190231
0.189950
0.190911
0.190207
0.189211
0.189689
0.190402
0.193271
0.193210
0.193325
0.198011
0.191160
0.192366
0.192194
0.190142
0.192141
0.191526
0.193133
0.193367
0.196270
0.191113
0.199897
0.192107
0.194056
0.191001
0.188982
0.189780
0.192072
0.192175
0.190376
0.190871
0.192787
0.192082
0.190056
0.190101
0.192188
0.190685
0.194540
0.192145
0.189697
0.191889
0.191826
0.191000
0.190333
0.192428
0.193175
0.191771
0.191023
0.190390
0.195260
0.190246
0.191010
0.191359
0.192601
0.191005
0.191857
0.191581
0.190851
0.202905
0.191090
0.190264
0.192963
0.190721
0.190008
0.190719
0.189577
0.189978
0.194101
0.193445
0.199064
0.190152
0.195235
0.189986
0.192938
0.191408
0.190518
0.191084
0.191429
0.219629
0.195654
0.194058
0.191319
0.193465
0.197278
0.192394
0.189755
0.193193
0.194317
0.191755
0.213442
0.194156
0.189904
0.192882
0.190932
0.195600
0.190320
0.194343
0.190456
0.189965
0.191575
0.191046
0.191300
0.190875
0.190259
0.191304
0.191783
0.190459
0.192536
0.192968
0.188998
0.192600
0.193346
0.191397
0.191508
0.190709
0.190990
0.189013
0.191423
0.190582
0.190735
0.190892
0.280635
