0.133272
0.034566
0.041564
0.037950
0.035699
0.065919
0.039631
0.038572
0.055745
0.042183
0.038309
0.045526
0.037886
0.038620
0.045816
0.039845
0.038917
0.039921
0.120275
0.123022
0.130909
0.135370
0.139414
0.176374
0.149466
0.158019
0.162039
0.168364
0.172614
0.191108
0.182658
0.186988
0.192721
0.193385
0.192714
0.196983
0.194021
0.214168
0.192776
0.191938
0.191229
0.191757
0.191540
0.192061
0.190641
0.191458
0.193761
0.190721
0.190889
0.191108
0.191676
0.204762
0.191122
0.190454
0.190592
0.194464
0.191823
0.192724
0.191357
0.193618
0.190914
0.190996
0.202505
0.192234
0.194324
0.243949
0.192019
0.191791
0.191599
0.192447
0.191609
0.191303
0.191871
0.198829
0.192120
0.191938
0.196219
0.206319
0.192129
0.257148
0.191697
0.217498
0.192137
0.191508
0.191359
0.191374
0.194224
0.191632
0.194962
0.191934
0.201525
0.191974
0.222403
0.192677
0.192025
0.190969
0.192748
0.193743
0.204340
0.193055
0.192417
0.192102
0.193831
0.192140
0.192438
0.191978
0.191553
0.191423
0.191015
0.195958
0.193211
0.300629
0.195550
0.191848
0.192669
0.193346
0.192034
0.192266
0.191433
0.191529
0.206158
0.191995
