0.071310
0.033272
0.035902
0.036373
0.037512
0.055796
0.038818
0.042859
0.066813
0.036191
0.059491
0.038041
0.049048
0.043512
0.040261
0.040634
0.045591
0.064959
0.124994
0.125869
0.134730
0.138617
0.141196
0.147877
0.150729
0.157075
0.168306
0.166128
0.171186
0.175129
0.186125
0.190061
0.226417
0.211890
0.192422
0.191944
0.193485
0.191823
0.192736
0.192499
0.191587
0.193988
0.191322
0.192677
0.193578
0.192098
0.192970
0.192414
0.217564
0.191921
0.191129
0.192796
0.190896
0.190501
0.192525
0.194544
0.193404
0.191934
0.190481
0.189770
0.226732
0.190346
0.235105
0.195774
0.202601
0.227975
0.190619
0.192658
0.189760
0.192899
0.190577
0.191341
0.194439
0.196418
0.221594
0.206343
0.190126
0.207713
0.202778
0.214471
0.202857
0.216979
0.191030
0.190747
0.196873
0.236361
0.191754
0.190891
0.193382
0.191381
0.197390
0.211889
0.241566
0.192339
0.226880
0.199187
0.192207
0.191777
0.190644
0.192084
0.190093
0.193872
0.190884
0.191066
0.192893
0.215897
0.190421
0.190866
0.218573
