0.094754
0.036123
0.049210
0.044817
0.040856
0.051881
0.051772
0.040575
0.043474
0.041467
0.038446
0.040695
0.041111
0.043423
0.043679
0.051494
0.041185
0.043489
0.118855
0.124930
0.130819
0.136781
0.140390
0.150704
0.152745
0.158546
0.163406
0.168021
0.179938
0.177080
0.180365
0.188197
0.196461
0.195182
0.191366
0.192837
0.195632
0.195451
0.241732
0.195908
0.192932
0.192104
0.193663
0.191538
0.192304
0.191303
0.193153
0.191338
0.192033
0.210937
0.193518
0.192415
0.192326
0.229358
0.192702
0.193028
0.192426
0.194900
0.214346
0.192413
0.191631
0.194097
0.192676
0.195727
0.195230
0.198606
0.192804
0.191516
0.192150
0.194101
0.197630
0.192430
0.193918
0.192645
0.192296
0.192237
0.194803
0.192062
0.201180
0.192022
0.191774
0.191546
0.194051
0.195042
0.191181
0.191483
0.192499
0.191415
0.190821
0.192012
0.196376
