0.100638
0.039578
0.037380
0.037651
0.038061
0.039184
0.036405
0.036671
0.035947
0.041945
0.044539
0.037138
0.035780
0.036614
0.036013
0.036689
0.041273
0.038075
0.119650
0.123167
0.130223
0.150858
0.137589
0.145301
0.149278
0.162465
0.161500
0.183749
0.173146
0.174679
0.179195
0.184782
0.189608
0.192616
0.192267
0.189371
0.202245
0.203310
0.190608
0.190984
0.190555
0.190687
0.189835
0.189746
0.191818
0.192896
0.190204
0.189986
0.206251
0.190139
0.192696
0.195612
0.190338
0.277955
0.194189
0.193384
0.192997
0.193208
0.193779
0.200309
0.191926
0.205384
0.214894
0.190193
0.190379
0.206203
0.191881
0.192395
0.191371
0.196655
0.191256
0.190686
0.188841
0.190842
0.248495
0.191869
0.190325
0.189409
0.190079
0.190936
0.193040
0.190726
0.191064
0.200331
0.195768
0.191897
0.190042
0.191812
0.192979
0.190333
0.196820
0.190370
0.191182
0.191391
0.192226
0.189792
0.191427
0.198606
0.191408
0.192784
0.195564
