0.076622
0.024775
0.036075
0.035211
0.038117
0.032441
0.052673
0.041658
0.031612
0.048721
0.032152
0.036785
0.034026
0.033535
0.035223
0.040337
0.037672
0.038372
0.118625
0.120934
0.129690
0.133085
0.136735
0.148041
0.147188
0.153676
0.161742
0.163503
0.170592
0.174388
0.178492
0.236813
0.190243
0.190240
0.189619
0.205680
0.192927
0.193281
0.194909
0.190139
0.189809
0.191668
0.192123
0.196130
0.196304
0.191423
0.192106
0.352754
0.192437
0.209337
0.238161
0.349813
0.191513
0.258016
0.209611
0.193150
0.192738
0.193260
0.190735
0.190880
0.190571
0.190093
0.190063
0.201226
0.191095
0.191752
0.191829
0.212784
0.257346
0.221395
0.201985
0.273405
0.270135
0.204738
0.193533
0.192205
0.191631
0.191072
0.189456
0.206777
0.189966
0.193150
0.226358
0.192428
0.225601
0.190502
0.190171
0.190697
0.190117
