0.073006
0.028706
0.034493
0.035908
0.038144
0.038041
0.048319
0.042120
0.065089
0.085010
0.045925
0.051790
0.039358
0.041105
0.039208
0.063394
0.037339
0.061679
0.120672
0.201379
0.137216
0.157973
0.194520
0.145828
0.148345
0.153543
0.162059
0.165800
0.171184
0.176691
0.182187
0.203871
0.192035
0.197839
0.212619
0.195565
0.478848
0.210651
0.210123
0.192204
0.193808
0.210172
0.191651
0.191437
0.191960
0.225719
0.189531
0.194085
0.192034
0.193009
0.249071
0.209625
0.243639
0.192464
0.226514
0.195921
0.194663
0.191919
0.192850
0.196728
0.192181
0.194480
0.213105
0.242598
0.237030
0.191955
0.190890
0.207134
0.191402
0.191000
0.192020
0.191515
0.202106
0.194187
0.192219
0.226946
0.191879
0.198715
0.215197
0.191070
0.192082
0.217219
0.196503
0.194904
0.240365
0.192639
0.200807
0.200026
0.198977
0.199797
0.199368
0.339723
0.196662
0.311572
0.305742
0.335512
0.198734
0.316277
0.202923
0.371233
0.387172
0.207914
0.340664
0.342866
0.341333
0.203419
0.343196
0.284551
0.334146
0.268431
0.409698
0.340552
0.370198
0.197202
0.333785
0.248652
0.196971
0.203496
0.204248
0.197677
0.266109
0.345241
0.202249
0.195901
0.197608
0.196854
0.197307
0.334783
0.333794
0.333644
0.356283
0.349943
0.206770
0.298167
0.197997
0.279520
0.359260
0.271506
0.191952
0.390906
0.334752
0.197359
0.355412
0.280710
0.203183
0.197895
0.195125
0.197388
0.196740
0.200665
0.196024
0.191017
0.192269
0.192878
0.204413
0.198478
0.205629
0.193486
0.198743
0.192604
0.192430
0.195533
0.196048
0.189614
0.190644
0.192924
0.206883
0.193058
0.191171
0.284486
0.206609
0.192527
0.191343
0.190792
0.191546
0.190008
0.190917
0.191997
0.190394
0.191288
0.191731
0.190696
0.195753
0.190663
0.330602
0.191749
0.191142
0.204172
0.191037
0.191273
0.194614
0.197113
0.207562
0.199521
0.195385
0.197745
0.198873
0.195464
0.191138
0.194204
0.194262
0.194721
0.196064
0.194858
0.191920
