0.090113
0.025765
0.031842
0.032867
0.123013
0.033973
0.034292
0.160406
0.035578
0.033556
0.146854
0.035491
0.036874
0.042113
0.145211
0.039405
0.039692
0.156376
0.163827
0.201698
0.140472
0.157275
0.148550
0.178525
0.170982
0.164897
0.167247
0.248593
0.175986
0.259695
0.180809
0.186446
0.196832
0.190954
0.190689
0.189926
0.192056
0.207237
0.190318
0.204051
0.191143
0.192030
0.193844
0.192954
0.195608
0.196410
0.202693
0.201745
0.189567
0.189809
0.191327
0.197969
0.215444
0.203605
0.199526
0.208073
0.189151
0.195760
0.190709
0.205435
0.191064
0.189694
0.189932
0.192360
0.191952
0.206732
0.189553
0.189968
0.190901
0.189474
0.189768
